Statistical covariance matrix for measured double-differential inclusive-jet cross sections for the range 1.5 <= |y| < 2.0 and jet radius parameter R = 0.4
ABS(YRAP(JET)) : < 3.0
PT(JET) IN GEV : > 100
R : 0.4
RE : P P --> JET X
SQRT(S) : 7000.0 GeV
ABS(YRAP) : 1.5 - 2.0
x: PT(JET) IN GEV
y: PT(JET) IN GEV
z: cov(x,y) IN PB**+2*GEV**-2
xlow-xhigh
100-116 8.21025e+02 4.86287e+01 1.96912e+01 4.45650e+00 1.31061e-01 1.43678e-01 5.36960e-02 1.05058e-01 1.38950e-03 9.12189e-05 1.31091e-02 7.52845e-03 1.13311e-04 1.07714e-03 5.72626e-04 3.05806e-05 5.15984e-05 5.85764e-05 5.98594e-05 4.30821e-05 2.85322e-05 1.10341e-06 7.69923e-08
116-134 4.86287e+01 2.01146e+02 2.22000e+01 4.13027e+00 1.18391e+00 3.31434e-02 2.87208e-03 2.33593e-02 3.04205e-02 8.59391e-03 1.61501e-03 2.44620e-03 1.35719e-03 6.96017e-04 1.45495e-04 7.69526e-05 7.10753e-05 3.50493e-05 7.09835e-06 3.75787e-06 1.93211e-05 7.50006e-06 5.15429e-08
134-152 1.96912e+01 2.22000e+01 5.53130e+01 5.01619e+00 1.26660e+00 3.93923e-01 4.00133e-02 3.25123e-03 1.02372e-02 1.02588e-02 5.59260e-03 1.04040e-03 2.02894e-04 1.83383e-04 1.52058e-04 2.82924e-07 1.73936e-05 2.23148e-06 1.75951e-05 1.41730e-05 2.47254e-06 7.70659e-07 4.83421e-08
152-172 4.45650e+00 4.13027e+00 5.01619e+00 8.53709e+00 5.83537e-01 2.64110e-01 4.49287e-02 7.13656e-03 1.52383e-03 3.17691e-03 1.79389e-03 4.28656e-04 1.56353e-04 1.49475e-04 3.12550e-05 8.45363e-06 2.23697e-05 8.21049e-06 1.49777e-06 1.06345e-05 1.77070e-06 4.74535e-09 9.03656e-09
172-194 1.31061e-01 1.18391e+00 1.26660e+00 5.83537e-01 1.46927e+00 1.49881e-01 3.43659e-02 1.28715e-02 2.53133e-03 2.42543e-04 9.12431e-05 2.67604e-04 5.59520e-05 8.45611e-06 1.53367e-05 3.43582e-06 5.92419e-06 4.13991e-06 7.07436e-07 4.34799e-07 3.08138e-08 4.35606e-07 9.41498e-09
194-216 1.43678e-01 3.31434e-02 3.93923e-01 2.64110e-01 1.49881e-01 5.95860e-01 4.67319e-02 1.63005e-02 6.98668e-03 1.41082e-03 4.20369e-04 9.69733e-05 5.19469e-05 3.35210e-05 3.24036e-05 4.45589e-06 3.82847e-07 7.36094e-07 2.76365e-08 1.20374e-06 1.39139e-06 1.72694e-08 2.76970e-09
216-240 5.36960e-02 2.87208e-03 4.00133e-02 4.49287e-02 3.43659e-02 4.67319e-02 9.79850e-02 1.21970e-02 3.80798e-03 1.01148e-03 8.96282e-05 5.17674e-05 1.40141e-05 1.94886e-06 8.75340e-06 1.16098e-06 9.24995e-07 1.35231e-06 4.57933e-08 1.78788e-07 2.77209e-07 1.63110e-07 5.53532e-11
240-264 1.05058e-01 2.33593e-02 3.25123e-03 7.13656e-03 1.28715e-02 1.63005e-02 1.21970e-02 4.18835e-02 5.99799e-03 1.16565e-03 3.08184e-04 5.06494e-05 2.00864e-05 3.13149e-06 1.16381e-05 1.12494e-07 1.86569e-06 1.85869e-07 3.30816e-07 3.10823e-07 1.34126e-07 3.63588e-08 2.00689e-09
264-290 1.38950e-03 3.04205e-02 1.02372e-02 1.52383e-03 2.53133e-03 6.98668e-03 3.80798e-03 5.99799e-03 2.05763e-02 3.19390e-03 5.16348e-04 1.52856e-04 2.06820e-05 6.27235e-06 8.92742e-06 4.15630e-07 2.31065e-07 4.61805e-07 1.84842e-07 1.56283e-07 2.23414e-07 3.15773e-08 8.96535e-10
290-318 9.12189e-05 8.59391e-03 1.02588e-02 3.17691e-03 2.42543e-04 1.41082e-03 1.01148e-03 1.16565e-03 3.19390e-03 9.43389e-03 1.36014e-03 2.13649e-04 7.59653e-05 8.12855e-06 3.22439e-06 1.35139e-06 9.24281e-07 3.42074e-07 1.07826e-07 2.45845e-07 6.11020e-08 4.65020e-08 2.55468e-10
318-346 1.31091e-02 1.61501e-03 5.59260e-03 1.79389e-03 9.12431e-05 4.20369e-04 8.96282e-05 3.08184e-04 5.16348e-04 1.36014e-03 2.96354e-03 2.67229e-04 7.60877e-05 1.78363e-05 1.99417e-06 2.72286e-07 2.49335e-07 2.05725e-07 1.49076e-08 8.95313e-08 3.29693e-08 2.60575e-08 1.18399e-10
346-376 7.52845e-03 2.44620e-03 1.04040e-03 4.28656e-04 2.67604e-04 9.69733e-05 5.17674e-05 5.06494e-05 1.52856e-04 2.13649e-04 2.67229e-04 3.73040e-04 1.37961e-05 1.13484e-05 2.42394e-06 4.99553e-10 5.94204e-08 5.88322e-08 5.82154e-08 2.03875e-08 1.76352e-08 1.49464e-09 1.78004e-10
376-408 1.13311e-04 1.35719e-03 2.02894e-04 1.56353e-04 5.59520e-05 5.19469e-05 1.40141e-05 2.00864e-05 2.06820e-05 7.59653e-05 7.60877e-05 1.37961e-05 5.38087e-05 1.25019e-06 1.49745e-06 2.47307e-07 4.98593e-08 3.75070e-08 2.26790e-08 2.22595e-08 8.55626e-09 1.14008e-09 1.00911e-10
408-442 1.07714e-03 6.96017e-04 1.83383e-04 1.49475e-04 8.45611e-06 3.35210e-05 1.94886e-06 3.13149e-06 6.27235e-06 8.12855e-06 1.78363e-05 1.13484e-05 1.25019e-06 1.95706e-05 2.52665e-07 5.08585e-07 1.26482e-07 2.93723e-08 1.49996e-08 3.72218e-09 5.56436e-10 2.66076e-10 4.35850e-11
442-478 5.72626e-04 1.45495e-04 1.52058e-04 3.12550e-05 1.53367e-05 3.24036e-05 8.75340e-06 1.16381e-05 8.92742e-06 3.22439e-06 1.99417e-06 2.42394e-06 1.49745e-06 2.52665e-07 5.32640e-06 4.39710e-07 1.32046e-07 2.27527e-08 1.05899e-09 1.47983e-09 2.95281e-09 8.49007e-10 1.66395e-11
478-516 3.05806e-05 7.69526e-05 2.82924e-07 8.45363e-06 3.43582e-06 4.45589e-06 1.16098e-06 1.12494e-07 4.15630e-07 1.35139e-06 2.72286e-07 4.99553e-10 2.47307e-07 5.08585e-07 4.39710e-07 9.30394e-07 6.90065e-08 2.09313e-08 6.47123e-09 3.52678e-10 6.98853e-11 2.43648e-10 1.92505e-12
516-556 5.15984e-05 7.10753e-05 1.73936e-05 2.23697e-05 5.92419e-06 3.82847e-07 9.24995e-07 1.86569e-06 2.31065e-07 9.24281e-07 2.49335e-07 5.94204e-08 4.98593e-08 1.26482e-07 1.32046e-07 6.90065e-08 3.91921e-07 5.01331e-08 1.05708e-08 4.04585e-09 8.71124e-10 3.08263e-10 5.99681e-12
556-598 5.85764e-05 3.50493e-05 2.23148e-06 8.21049e-06 4.13991e-06 7.36094e-07 1.35231e-06 1.85869e-07 4.61805e-07 3.42074e-07 2.05725e-07 5.88322e-08 3.75070e-08 2.93723e-08 2.27527e-08 2.09313e-08 5.01331e-08 1.27507e-07 2.42544e-08 3.49268e-09 1.22298e-09 7.21862e-11 2.92630e-12
598-642 5.98594e-05 7.09835e-06 1.75951e-05 1.49777e-06 7.07436e-07 2.76365e-08 4.57933e-08 3.30816e-07 1.84842e-07 1.07826e-07 1.49076e-08 5.82154e-08 2.26790e-08 1.49996e-08 1.05899e-09 6.47123e-09 1.05708e-08 2.42544e-08 5.31787e-08 1.00550e-08 9.54086e-10 1.94666e-10 2.06158e-12
642-688 4.30821e-05 3.75787e-06 1.41730e-05 1.06345e-05 4.34799e-07 1.20374e-06 1.78788e-07 3.10823e-07 1.56283e-07 2.45845e-07 8.95313e-08 2.03875e-08 2.22595e-08 3.72218e-09 1.47983e-09 3.52678e-10 4.04585e-09 3.49268e-09 1.00550e-08 2.20589e-08 4.48266e-09 2.05665e-10 2.18561e-13
688-736 2.85322e-05 1.93211e-05 2.47254e-06 1.77070e-06 3.08138e-08 1.39139e-06 2.77209e-07 1.34126e-07 2.23414e-07 6.11020e-08 3.29693e-08 1.76352e-08 8.55626e-09 5.56436e-10 2.95281e-09 6.98853e-11 8.71124e-10 1.22298e-09 9.54086e-10 4.48266e-09 8.28983e-09 4.82524e-10 2.64740e-12
736-894 1.10341e-06 7.50006e-06 7.70659e-07 4.74535e-09 4.35606e-07 1.72694e-08 1.63110e-07 3.63588e-08 3.15773e-08 4.65020e-08 2.60575e-08 1.49464e-09 1.14008e-09 2.66076e-10 8.49007e-10 2.43648e-10 3.08263e-10 7.21862e-11 1.94666e-10 2.05665e-10 4.82524e-10 6.74190e-10 1.45374e-12
894-1992 7.69923e-08 5.15429e-08 4.83421e-08 9.03656e-09 9.41498e-09 2.76970e-09 5.53532e-11 2.00689e-09 8.96535e-10 2.55468e-10 1.18399e-10 1.78004e-10 1.00911e-10 4.35850e-11 1.66395e-11 1.92505e-12 5.99681e-12 2.92630e-12 2.06158e-12 2.18561e-13 2.64740e-12 1.45374e-12 6.35644e-13
