Statistical covariance matrix for measured double-differential inclusive-jet cross sections for the range 1.5 <= |y| < 2.0 and jet radius parameter R = 0.6
ABS(YRAP(JET)) : < 3.0
PT(JET) IN GEV : > 100
R : 0.6
RE : P P --> JET X
SQRT(S) : 7000.0 GeV
ABS(YRAP) : 1.5 - 2.0
x: PT(JET) IN GEV
y: PT(JET) IN GEV
z: cov(x,y) IN PB**+2*GEV**-2
xlow-xhigh
100-116 1.37185e+03 7.04831e+01 3.06011e+01 7.58350e+00 3.51371e-01 2.59952e-01 2.92642e-01 7.38890e-02 1.79382e-02 2.75601e-02 1.16378e-02 9.20614e-03 3.59827e-03 7.19135e-04 5.86323e-04 1.34776e-04 4.04831e-05 5.65673e-06 2.77709e-05 5.22124e-05 2.03203e-05 1.19118e-05 2.02834e-07
116-134 7.04831e+01 2.55571e+02 2.13524e+01 5.05777e+00 1.59141e+00 4.74502e-02 7.19235e-02 6.16190e-02 1.81866e-02 1.35294e-03 1.84741e-02 6.82401e-04 1.65422e-03 1.09817e-03 2.53124e-04 3.17076e-04 1.68291e-05 2.02140e-05 4.10798e-05 4.84675e-05 2.12090e-05 1.18342e-05 2.40067e-07
134-152 3.06011e+01 2.13524e+01 6.69533e+01 5.53307e+00 1.52996e+00 3.41811e-01 6.52733e-02 1.15104e-02 4.59333e-03 4.55225e-03 7.42328e-04 1.87702e-03 8.86951e-04 1.61323e-04 6.59564e-05 1.31644e-04 3.36832e-05 1.27834e-05 2.51170e-05 1.44025e-05 4.14534e-06 1.54843e-06 4.06696e-08
152-172 7.58350e+00 5.05777e+00 5.53307e+00 9.64689e+00 4.42914e-01 2.86324e-01 6.16388e-02 8.38369e-03 2.56651e-03 1.23528e-03 2.77497e-04 1.15175e-03 2.78685e-04 8.53763e-05 3.66100e-05 1.07440e-05 2.17451e-05 1.29268e-05 6.88321e-06 4.76036e-06 3.04788e-06 4.89500e-07 1.99661e-08
172-194 3.51371e-01 1.59141e+00 1.52996e+00 4.42914e-01 1.78826e+00 2.08089e-01 3.60091e-02 1.46535e-02 1.80618e-03 8.06052e-04 1.36662e-03 2.47925e-04 1.32926e-04 1.01723e-05 6.59035e-05 1.64227e-05 5.52169e-06 1.14523e-06 2.15375e-06 2.65201e-06 1.61727e-06 2.52049e-07 1.01633e-08
194-216 2.59952e-01 4.74502e-02 3.41811e-01 2.86324e-01 2.08089e-01 7.05552e-01 4.16166e-02 1.95543e-02 4.40820e-03 1.81469e-03 6.15771e-04 7.60566e-05 7.81179e-05 5.95615e-05 3.73578e-05 4.41895e-06 2.61002e-06 1.23530e-06 1.82259e-06 1.55058e-06 2.00663e-06 8.59251e-08 1.02997e-10
216-240 2.92642e-01 7.19235e-02 6.52733e-02 6.16388e-02 3.60091e-02 4.16166e-02 1.19151e-01 1.38748e-02 4.84311e-03 1.35883e-03 8.05929e-05 1.57649e-05 1.44579e-05 1.95977e-05 1.78754e-05 3.52923e-06 2.31197e-06 6.24464e-07 6.62677e-07 7.49934e-09 2.61109e-07 8.76196e-08 1.07998e-09
240-264 7.38890e-02 6.16190e-02 1.15104e-02 8.38369e-03 1.46535e-02 1.95543e-02 1.38748e-02 5.06187e-02 7.61128e-03 2.08673e-03 4.81579e-04 3.53373e-05 1.59700e-05 8.03170e-07 9.95635e-06 4.01846e-06 7.93913e-07 1.11615e-06 1.63283e-07 9.94251e-08 7.93294e-08 7.71536e-08 5.67378e-10
264-290 1.79382e-02 1.81866e-02 4.59333e-03 2.56651e-03 1.80618e-03 4.40820e-03 4.84311e-03 7.61128e-03 2.53074e-02 3.69064e-03 6.77185e-04 2.43459e-04 2.17931e-05 5.12610e-07 7.03867e-06 9.86593e-07 1.66199e-06 6.34734e-07 1.63169e-07 2.14684e-07 2.85101e-07 1.92243e-08 6.31631e-10
290-318 2.75601e-02 1.35294e-03 4.55225e-03 1.23528e-03 8.06052e-04 1.81469e-03 1.35883e-03 2.08673e-03 3.69064e-03 1.15169e-02 1.34807e-03 3.01734e-04 6.51793e-05 8.73396e-06 3.42886e-06 9.50972e-07 5.93766e-07 2.91498e-07 1.48057e-07 1.94536e-08 1.46081e-08 3.13963e-08 3.83014e-10
318-346 1.16378e-02 1.84741e-02 7.42328e-04 2.77497e-04 1.36662e-03 6.15771e-04 8.05929e-05 4.81579e-04 6.77185e-04 1.34807e-03 3.64958e-03 1.66137e-04 1.02210e-04 1.70325e-05 9.31531e-07 7.61498e-07 9.68799e-08 1.79748e-07 6.26346e-08 2.75999e-08 4.35528e-08 2.05989e-09 5.92092e-11
346-376 9.20614e-03 6.82401e-04 1.87702e-03 1.15175e-03 2.47925e-04 7.60566e-05 1.57649e-05 3.53373e-05 2.43459e-04 3.01734e-04 1.66137e-04 4.85414e-04 1.95829e-05 1.34944e-05 3.32324e-06 2.49852e-07 1.87500e-07 5.89919e-08 1.30158e-08 2.01603e-08 1.68053e-08 5.92882e-09 1.06418e-10
376-408 3.59827e-03 1.65422e-03 8.86951e-04 2.78685e-04 1.32926e-04 7.81179e-05 1.44579e-05 1.59700e-05 2.17931e-05 6.51793e-05 1.02210e-04 1.95829e-05 9.07222e-05 1.55370e-06 1.78451e-06 3.36703e-07 1.38682e-07 1.79137e-08 2.96551e-08 2.60727e-08 1.25791e-08 1.87437e-09 8.87282e-11
408-442 7.19135e-04 1.09817e-03 1.61323e-04 8.53763e-05 1.01723e-05 5.95615e-05 1.95977e-05 8.03170e-07 5.12610e-07 8.73396e-06 1.70325e-05 1.34944e-05 1.55370e-06 2.31867e-05 3.94197e-07 5.77267e-07 1.25388e-07 1.84695e-08 2.02169e-08 1.18292e-08 5.42091e-09 1.00756e-09 4.31350e-11
442-478 5.86323e-04 2.53124e-04 6.59564e-05 3.66100e-05 6.59035e-05 3.73578e-05 1.78754e-05 9.95635e-06 7.03867e-06 3.42886e-06 9.31531e-07 3.32324e-06 1.78451e-06 3.94197e-07 6.19472e-06 2.40094e-07 1.34725e-07 3.37397e-08 1.06738e-08 7.13162e-09 6.29568e-09 1.17484e-09 6.05455e-12
478-516 1.34776e-04 3.17076e-04 1.31644e-04 1.07440e-05 1.64227e-05 4.41895e-06 3.52923e-06 4.01846e-06 9.86593e-07 9.50972e-07 7.61498e-07 2.49852e-07 3.36703e-07 5.77267e-07 2.40094e-07 1.15137e-06 8.75541e-08 3.63983e-08 8.70697e-09 1.24833e-09 1.70820e-10 3.06921e-11 2.96973e-12
516-556 4.04831e-05 1.68291e-05 3.36832e-05 2.17451e-05 5.52169e-06 2.61002e-06 2.31197e-06 7.93913e-07 1.66199e-06 5.93766e-07 9.68799e-08 1.87500e-07 1.38682e-07 1.25388e-07 1.34725e-07 8.75541e-08 4.55751e-07 4.75890e-08 1.07124e-08 2.62955e-09 4.87509e-10 1.79012e-10 5.65709e-12
556-598 5.65673e-06 2.02140e-05 1.27834e-05 1.29268e-05 1.14523e-06 1.23530e-06 6.24464e-07 1.11615e-06 6.34734e-07 2.91498e-07 1.79748e-07 5.89919e-08 1.79137e-08 1.84695e-08 3.37397e-08 3.63983e-08 4.75890e-08 1.69559e-07 2.79144e-08 4.55591e-09 1.52747e-09 7.51279e-11 5.75814e-13
598-642 2.77709e-05 4.10798e-05 2.51170e-05 6.88321e-06 2.15375e-06 1.82259e-06 6.62677e-07 1.63283e-07 1.63169e-07 1.48057e-07 6.26346e-08 1.30158e-08 2.96551e-08 2.02169e-08 1.06738e-08 8.70697e-09 1.07124e-08 2.79144e-08 6.08790e-08 1.17457e-08 1.12424e-09 2.00680e-10 7.98486e-15
642-688 5.22124e-05 4.84675e-05 1.44025e-05 4.76036e-06 2.65201e-06 1.55058e-06 7.49934e-09 9.94251e-08 2.14684e-07 1.94536e-08 2.75999e-08 2.01603e-08 2.60727e-08 1.18292e-08 7.13162e-09 1.24833e-09 2.62955e-09 4.55591e-09 1.17457e-08 2.71152e-08 5.11562e-09 3.21492e-10 7.81161e-13
688-736 2.03203e-05 2.12090e-05 4.14534e-06 3.04788e-06 1.61727e-06 2.00663e-06 2.61109e-07 7.93294e-08 2.85101e-07 1.46081e-08 4.35528e-08 1.68053e-08 1.25791e-08 5.42091e-09 6.29568e-09 1.70820e-10 4.87509e-10 1.52747e-09 1.12424e-09 5.11562e-09 9.48314e-09 4.88883e-10 1.86792e-12
736-894 1.19118e-05 1.18342e-05 1.54843e-06 4.89500e-07 2.52049e-07 8.59251e-08 8.76196e-08 7.71536e-08 1.92243e-08 3.13963e-08 2.05989e-09 5.92882e-09 1.87437e-09 1.00756e-09 1.17484e-09 3.06921e-11 1.79012e-10 7.51279e-11 2.00680e-10 3.21492e-10 4.88883e-10 8.33807e-10 1.49768e-12
894-1992 2.02834e-07 2.40067e-07 4.06696e-08 1.99661e-08 1.01633e-08 1.02997e-10 1.07998e-09 5.67378e-10 6.31631e-10 3.83014e-10 5.92092e-11 1.06418e-10 8.87282e-11 4.31350e-11 6.05455e-12 2.96973e-12 5.65709e-12 5.75814e-13 7.98486e-15 7.81161e-13 1.86792e-12 1.49768e-12 5.42041e-13
