Statistical covariance matrix for measured double-differential inclusive-jet cross sections for the range 2.0 <= |y| < 2.5 and jet radius parameter R = 0.6
ABS(YRAP(JET)) : < 3.0
PT(JET) IN GEV : > 100
R : 0.6
RE : P P --> JET X
SQRT(S) : 7000.0 GeV
ABS(YRAP) : 2.0 - 2.5
x: PT(JET) IN GEV
y: PT(JET) IN GEV
z: cov(x,y) IN PB**+2*GEV**-2
xlow-xhigh
100-116 8.53861e+02 9.97638e+00 1.92076e+01 1.36790e+00 1.57063e-01 2.96917e-03 5.93517e-02 3.66453e-03 4.77049e-02 8.56213e-03 1.08374e-02 1.03839e-03 3.88904e-04 6.86316e-04 8.19763e-05 1.15029e-06 7.61645e-05 8.78233e-06 1.73570e-06
116-134 9.97638e+00 1.97534e+02 9.26686e+00 9.27166e+00 7.12578e-01 1.61091e-01 7.32806e-04 5.24358e-02 2.25074e-02 4.86935e-03 3.64767e-03 1.82257e-03 3.79412e-04 4.02962e-04 8.78928e-06 4.51738e-06 1.50588e-05 6.18083e-07 5.94466e-07
134-152 1.92076e+01 9.26686e+00 5.10141e+01 3.74660e+00 1.04473e+00 2.16742e-01 3.88921e-03 1.41970e-02 1.22790e-03 1.99896e-03 2.60930e-03 6.85877e-05 1.11862e-04 1.56618e-04 2.86855e-05 1.04030e-05 2.59974e-06 4.77464e-06 5.19134e-07
152-172 1.36790e+00 9.27166e+00 3.74660e+00 9.63975e+00 3.39216e-01 2.32440e-01 2.32740e-02 7.20358e-03 9.88212e-04 1.29689e-03 3.82145e-04 2.05829e-04 7.38930e-05 5.24149e-05 4.55774e-05 8.25861e-06 9.33141e-06 7.57246e-07 2.05818e-07
172-194 1.57063e-01 7.12578e-01 1.04473e+00 3.39216e-01 9.60317e-01 9.60250e-02 2.02406e-02 1.56749e-03 5.19352e-04 6.91141e-04 6.11375e-04 3.36164e-05 1.36279e-05 1.41639e-05 7.06779e-07 6.33446e-07 1.28062e-06 4.69438e-07 8.16149e-09
194-216 2.96917e-03 1.61091e-01 2.16742e-01 2.32440e-01 9.60250e-02 3.74894e-01 5.84573e-04 8.88704e-03 4.27484e-04 1.04108e-04 4.06692e-04 1.14043e-04 1.79407e-05 1.29372e-05 2.70385e-06 1.70753e-06 7.31677e-07 4.14569e-07 3.98134e-09
216-240 5.93517e-02 7.32806e-04 3.88921e-03 2.32740e-02 2.02406e-02 5.84573e-04 6.55792e-02 4.49178e-03 1.95708e-03 3.03112e-04 1.49259e-04 3.79364e-06 4.80719e-08 5.94007e-06 5.32480e-07 4.06340e-07 1.26270e-07 1.11549e-08 3.64624e-10
240-264 3.66453e-03 5.24358e-02 1.41970e-02 7.20358e-03 1.56749e-03 8.88704e-03 4.49178e-03 2.40043e-02 1.91257e-03 8.41967e-04 9.72768e-05 1.31368e-05 2.66815e-07 4.94760e-06 2.78846e-07 1.23950e-07 5.56453e-07 1.49370e-07 2.77786e-09
264-290 4.77049e-02 2.25074e-02 1.22790e-03 9.88212e-04 5.19352e-04 4.27484e-04 1.95708e-03 1.91257e-03 1.05481e-02 8.47489e-04 3.13162e-04 2.69817e-05 5.29943e-06 2.32166e-06 4.71072e-08 3.77675e-07 1.90058e-07 3.08007e-08 5.13175e-09
290-318 8.56213e-03 4.86935e-03 1.99896e-03 1.29689e-03 6.91141e-04 1.04108e-04 3.03112e-04 8.41967e-04 8.47489e-04 4.29711e-03 2.84967e-04 6.80872e-05 7.57567e-06 6.73071e-07 1.02293e-06 1.29142e-07 2.04048e-07 9.98383e-09 3.16901e-09
318-346 1.08374e-02 3.64767e-03 2.60930e-03 3.82145e-04 6.11375e-04 4.06692e-04 1.49259e-04 9.72768e-05 3.13162e-04 2.84967e-04 1.06555e-03 2.03871e-05 1.76660e-05 2.05098e-06 4.17284e-07 1.85966e-08 3.95786e-08 7.01879e-09 1.42234e-09
346-376 1.03839e-03 1.82257e-03 6.85877e-05 2.05829e-04 3.36164e-05 1.14043e-04 3.79364e-06 1.31368e-05 2.69817e-05 6.80872e-05 2.03871e-05 9.40812e-05 1.26911e-07 1.57915e-06 1.50452e-07 3.68678e-09 9.99421e-09 2.49581e-09 2.72798e-10
376-408 3.88904e-04 3.79412e-04 1.11862e-04 7.38930e-05 1.36279e-05 1.79407e-05 4.80719e-08 2.66815e-07 5.29943e-06 7.57567e-06 1.76660e-05 1.26911e-07 8.79923e-06 6.80052e-07 1.30877e-07 4.09819e-11 1.30855e-09 1.07729e-10 1.25696e-11
408-442 6.86316e-04 4.02962e-04 1.56618e-04 5.24149e-05 1.41639e-05 1.29372e-05 5.94007e-06 4.94760e-06 2.32166e-06 6.73071e-07 2.05098e-06 1.57915e-06 6.80052e-07 3.27062e-06 5.88396e-08 3.91135e-08 9.21278e-09 3.65759e-10 2.60521e-11
442-478 8.19763e-05 8.78928e-06 2.86855e-05 4.55774e-05 7.06779e-07 2.70385e-06 5.32480e-07 2.78846e-07 4.71072e-08 1.02293e-06 4.17284e-07 1.50452e-07 1.30877e-07 5.88396e-08 6.14696e-07 9.76191e-09 9.04354e-09 5.82167e-10 1.17220e-12
478-516 1.15029e-06 4.51738e-06 1.04030e-05 8.25861e-06 6.33446e-07 1.70753e-06 4.06340e-07 1.23950e-07 3.77675e-07 1.29142e-07 1.85966e-08 3.68678e-09 4.09819e-11 3.91135e-08 9.76191e-09 7.50581e-08 2.49595e-09 8.00795e-10 1.10511e-11
516-556 7.61645e-05 1.50588e-05 2.59974e-06 9.33141e-06 1.28062e-06 7.31677e-07 1.26270e-07 5.56453e-07 1.90058e-07 2.04048e-07 3.95786e-08 9.99421e-09 1.30855e-09 9.21278e-09 9.04354e-09 2.49595e-09 2.21450e-08 5.06121e-11 1.25316e-11
556-642 8.78233e-06 6.18083e-07 4.77464e-06 7.57246e-07 4.69438e-07 4.14569e-07 1.11549e-08 1.49370e-07 3.08007e-08 9.98383e-09 7.01879e-09 2.49581e-09 1.07729e-10 3.65759e-10 5.82167e-10 8.00795e-10 5.06121e-11 2.13452e-09 5.34433e-12
642-894 1.73570e-06 5.94466e-07 5.19134e-07 2.05818e-07 8.16149e-09 3.98134e-09 3.64624e-10 2.77786e-09 5.13175e-09 3.16901e-09 1.42234e-09 2.72798e-10 1.25696e-11 2.60521e-11 1.17220e-12 1.10511e-11 1.25316e-11 5.34433e-12 1.25237e-11
