; covariance matrix Table VI http://arxiv.org/pdf/1407.0371v3.pdf
; in units of 10-6GeV-2
; 0–50 50–100 100–150 150–200 200–250 250–350 350–800
is_covariance_matrix
is_totalerror
 4.34e-2  1.04e-2 -2.13e-2 -2.23e-2 -8.16e-3 -1.49e-3  1.06e-4
 1.04e-2  2.97e-2 -1.39e-2 -1.36e-2 -7.13e-3 -2.10e-3 -1.43e-4
-2.13e-2 -1.39e-2  3.25e-2  3.70e-3 -2.39e-5 -2.73e-4 -4.08e-5
-2.23e-2 -1.36e-2  3.70e-3  2.06e-2  8.48e-3  1.68e-3 -2.64e-5
-8.16e-3 -7.13e-3 -2.39e-5  8.48e-3  4.44e-3  1.09e-3  2.44e-5
-1.49e-3 -2.10e-3 -2.73e-4  1.68e-3  1.09e-3  4.44e-4  2.33e-5
 1.06e-4 -1.43e-4 -4.08e-5 -2.64e-5  2.44e-5  2.33e-5  3.78e-6
