;Statistical covariance matrix for measured double-differential inclusive-jet cross sections for the range 1.0 <= |y| < 1.5 and jet radius parameter R = 0.4
;ABS(YRAP(JET)) : < 3.0
;PT(JET) IN GEV : > 100
;R : 0.4
;RE : P P --> JET X
;SQRT(S) : 7000.0 GeV
;ABS(YRAP) : 1.0 - 1.5
;x: PT(JET) IN GEV
;y: PT(JET) IN GEV
;z: cov(x,y) IN PB**+2*GEV**-2
;xlow-xhigh
;
is_covariance_matrix
is_statisticserror
;
1.00015e+03 7.73552e+01 1.92270e+01 6.43795e+00 4.56464e-01 2.45506e-01 3.06445e-02 1.55846e-02 3.62438e-03 8.45517e-02 2.95956e-02 6.39044e-03 5.09587e-03 9.70270e-04 7.78783e-04 1.68090e-04 4.38817e-04 3.75408e-04 6.95754e-05 5.37640e-05 9.65540e-05 1.14739e-05 6.12031e-06 1.21196e-05 1.05401e-05 5.63356e-07
7.73552e+01 2.41037e+02 3.72383e+01 4.78613e+00 1.72741e+00 4.35226e-01 7.02957e-02 7.26878e-04 3.38470e-05 1.47616e-02 9.49270e-03 3.92651e-03 3.23498e-03 6.57885e-04 1.28348e-03 5.05882e-04 1.20196e-04 1.62391e-04 1.10495e-04 4.35613e-05 1.06360e-04 2.36115e-05 1.75152e-05 1.86796e-05 3.54368e-06 1.23327e-07
1.92270e+01 3.72383e+01 6.89671e+01 9.31464e+00 1.60488e+00 5.53124e-01 7.81082e-02 1.15337e-02 1.42756e-02 2.00862e-03 5.07452e-03 2.38111e-03 1.42165e-04 3.02059e-04 3.27283e-04 1.68803e-04 3.49011e-05 1.18279e-05 1.14161e-05 3.49025e-06 1.70033e-05 8.21215e-06 3.46058e-06 4.23349e-07 4.29415e-07 1.50635e-07
6.43795e+00 4.78613e+00 9.31464e+00 1.14690e+01 8.83367e-01 3.80424e-01 8.40176e-02 2.09577e-04 3.35571e-03 2.22290e-04 5.41940e-04 1.43419e-03 5.78338e-05 7.46487e-05 9.60543e-05 2.25579e-05 3.27684e-06 2.10773e-05 9.03912e-06 1.52609e-06 1.60215e-06 2.17435e-06 5.65330e-06 4.28415e-06 9.85817e-07 7.44090e-08
4.56464e-01 1.72741e+00 1.60488e+00 8.83367e-01 1.99770e+00 2.52850e-01 4.67219e-02 2.49241e-02 2.44905e-03 1.05229e-03 6.24741e-04 4.33855e-04 1.30444e-04 1.45295e-04 3.48088e-05 1.79972e-05 1.46765e-06 1.29649e-05 1.19072e-05 3.86657e-06 2.49032e-06 2.27540e-07 2.65411e-06 3.09030e-07 6.55868e-07 4.98115e-08
2.45506e-01 4.35226e-01 5.53124e-01 3.80424e-01 2.52850e-01 8.45000e-01 8.41550e-02 3.24715e-02 9.82897e-03 1.13515e-03 4.90418e-05 2.41940e-04 1.12050e-04 3.91430e-05 7.24587e-05 8.59314e-06 1.29249e-05 1.08425e-05 9.35567e-06 6.93592e-07 2.22769e-06 1.27944e-06 4.33552e-07 1.91455e-07 6.51289e-07 3.31830e-08
3.06445e-02 7.02957e-02 7.81082e-02 8.40176e-02 4.67219e-02 8.41550e-02 1.52487e-01 2.27692e-02 5.40549e-03 1.83949e-03 3.07713e-04 1.58826e-05 2.35911e-05 1.17153e-05 7.55618e-06 8.79863e-06 9.91705e-07 3.93307e-06 2.15735e-06 1.51782e-06 1.13238e-06 1.01778e-08 5.55067e-07 4.88363e-07 2.35470e-07 1.40088e-09
1.55846e-02 7.26878e-04 1.15337e-02 2.09577e-04 2.49241e-02 3.24715e-02 2.27692e-02 6.55258e-02 1.36553e-02 1.83146e-03 1.01379e-03 1.24117e-04 6.84003e-05 4.84935e-06 1.22689e-05 3.11954e-06 6.41839e-06 4.45864e-07 1.60561e-06 3.87071e-08 6.33322e-07 5.11795e-07 7.54776e-07 3.25300e-07 2.91485e-08 1.76870e-08
3.62438e-03 3.38470e-05 1.42756e-02 3.35571e-03 2.44905e-03 9.82897e-03 5.40549e-03 1.36553e-02 3.31598e-02 7.29608e-03 7.46448e-04 4.56466e-04 3.96944e-05 2.13684e-05 1.53859e-05 3.08064e-06 2.84485e-06 1.43346e-06 2.53306e-06 3.03906e-07 5.72004e-07 1.12632e-07 3.00746e-07 1.92591e-07 1.32660e-08 7.58085e-09
8.45517e-02 1.47616e-02 2.00862e-03 2.22290e-04 1.05229e-03 1.13515e-03 1.83949e-03 1.83146e-03 7.29608e-03 1.59191e-02 3.16077e-03 3.97324e-04 1.85442e-04 3.26523e-05 8.64390e-07 1.31658e-06 1.53760e-06 2.55655e-08 2.84060e-07 1.34316e-07 2.95591e-08 6.00666e-08 1.15520e-07 8.05326e-08 6.58341e-08 9.31141e-11
2.95956e-02 9.49270e-03 5.07452e-03 5.41940e-04 6.24741e-04 4.90418e-05 3.07713e-04 1.01379e-03 7.46448e-04 3.16077e-03 5.14868e-03 4.87980e-04 1.74746e-04 4.29587e-05 3.91414e-06 8.97084e-07 6.88976e-08 2.57088e-07 3.44288e-07 1.41482e-08 3.50134e-07 4.35228e-07 1.13979e-07 4.51472e-08 6.69865e-09 2.23214e-09
6.39044e-03 3.92651e-03 2.38111e-03 1.43419e-03 4.33855e-04 2.41940e-04 1.58826e-05 1.24117e-04 4.56466e-04 3.97324e-04 4.87980e-04 7.92937e-04 2.23020e-05 2.78502e-05 6.38569e-06 2.88256e-07 4.99438e-07 4.27842e-08 1.89505e-08 6.82478e-08 7.13732e-08 8.78918e-08 2.30765e-08 2.00219e-08 4.91419e-09 1.44061e-10
5.09587e-03 3.23498e-03 1.42165e-04 5.78338e-05 1.30444e-04 1.12050e-04 2.35911e-05 6.84003e-05 3.96944e-05 1.85442e-04 1.74746e-04 2.23020e-05 1.33178e-04 3.09312e-07 4.59449e-06 9.25832e-07 2.14243e-07 6.93245e-08 2.84228e-08 5.86492e-08 1.82491e-09 2.08880e-08 2.29015e-08 5.50301e-09 1.45201e-09 3.60799e-10
9.70270e-04 6.57885e-04 3.02059e-04 7.46487e-05 1.45295e-04 3.91430e-05 1.17153e-05 4.84935e-06 2.13684e-05 3.26523e-05 4.29587e-05 2.78502e-05 3.09312e-07 4.78856e-05 1.96414e-06 1.36320e-06 3.26469e-07 4.83791e-08 3.87453e-09 4.56425e-08 2.03309e-08 3.52069e-09 7.61353e-09 9.16765e-09 9.60400e-10 5.50491e-11
7.78783e-04 1.28348e-03 3.27283e-04 9.60543e-05 3.48088e-05 7.24587e-05 7.55618e-06 1.22689e-05 1.53859e-05 8.64390e-07 3.91414e-06 6.38569e-06 4.59449e-06 1.96414e-06 1.38608e-05 1.19724e-06 4.08430e-07 1.30493e-07 3.92528e-08 3.75509e-08 1.00767e-08 1.95156e-08 1.07065e-08 6.31003e-09 2.30350e-09 2.67666e-11
1.68090e-04 5.05882e-04 1.68803e-04 2.25579e-05 1.79972e-05 8.59314e-06 8.79863e-06 3.11954e-06 3.08064e-06 1.31658e-06 8.97084e-07 2.88256e-07 9.25832e-07 1.36320e-06 1.19724e-06 2.91942e-06 2.20127e-07 1.01399e-07 3.58783e-08 2.12864e-09 5.37276e-09 2.26708e-09 3.32352e-10 2.42441e-09 1.75776e-10 1.02234e-10
4.38817e-04 1.20196e-04 3.49011e-05 3.27684e-06 1.46765e-06 1.29249e-05 9.91705e-07 6.41839e-06 2.84485e-06 1.53760e-06 6.88976e-08 4.99438e-07 2.14243e-07 3.26469e-07 4.08430e-07 2.20127e-07 1.25180e-06 1.96780e-07 4.42400e-08 2.76842e-08 3.56415e-09 2.41218e-09 2.75636e-10 6.19345e-10 4.33828e-10 3.22636e-11
3.75408e-04 1.62391e-04 1.18279e-05 2.10773e-05 1.29649e-05 1.08425e-05 3.93307e-06 4.45864e-07 1.43346e-06 2.55655e-08 2.57088e-07 4.27842e-08 6.93245e-08 4.83791e-08 1.30493e-07 1.01399e-07 1.96780e-07 5.68619e-07 1.15481e-07 1.61432e-08 1.17005e-08 1.32522e-09 4.97278e-10 1.36168e-09 1.78722e-10 4.76891e-12
6.95754e-05 1.10495e-04 1.14161e-05 9.03912e-06 1.19072e-05 9.35567e-06 2.15735e-06 1.60561e-06 2.53306e-06 2.84060e-07 3.44288e-07 1.89505e-08 2.84228e-08 3.87453e-09 3.92528e-08 3.58783e-08 4.42400e-08 1.15481e-07 2.65575e-07 6.80306e-08 8.86289e-09 5.17737e-09 1.49120e-09 2.37724e-10 1.75913e-10 5.67985e-12
5.37640e-05 4.35613e-05 3.49025e-06 1.52609e-06 3.86657e-06 6.93592e-07 1.51782e-06 3.87071e-08 3.03906e-07 1.34316e-07 1.41482e-08 6.82478e-08 5.86492e-08 4.56425e-08 3.75509e-08 2.12864e-09 2.76842e-08 1.61432e-08 6.80306e-08 1.24835e-07 3.37692e-08 3.06845e-09 2.26985e-09 2.73005e-10 7.67585e-11 1.06911e-11
9.65540e-05 1.06360e-04 1.70033e-05 1.60215e-06 2.49032e-06 2.22769e-06 1.13238e-06 6.33322e-07 5.72004e-07 2.95591e-08 3.50134e-07 7.13732e-08 1.82491e-09 2.03309e-08 1.00767e-08 5.37276e-09 3.56415e-09 1.17005e-08 8.86289e-09 3.37692e-08 6.90719e-08 1.70460e-08 2.64582e-09 1.34192e-09 2.44457e-10 1.07542e-11
1.14739e-05 2.36115e-05 8.21215e-06 2.17435e-06 2.27540e-07 1.27944e-06 1.01778e-08 5.11795e-07 1.12632e-07 6.00666e-08 4.35228e-07 8.78918e-08 2.08880e-08 3.52069e-09 1.95156e-08 2.26708e-09 2.41218e-09 1.32522e-09 5.17737e-09 3.06845e-09 1.70460e-08 3.49735e-08 9.15965e-09 8.86993e-10 4.30888e-10 5.10506e-14
6.12031e-06 1.75152e-05 3.46058e-06 5.65330e-06 2.65411e-06 4.33552e-07 5.55067e-07 7.54776e-07 3.00746e-07 1.15520e-07 1.13979e-07 2.30765e-08 2.29015e-08 7.61353e-09 1.07065e-08 3.32352e-10 2.75636e-10 4.97278e-10 1.49120e-09 2.26985e-09 2.64582e-09 9.15965e-09 1.78775e-08 4.46283e-09 3.92592e-10 3.58408e-12
1.21196e-05 1.86796e-05 4.23349e-07 4.28415e-06 3.09030e-07 1.91455e-07 4.88363e-07 3.25300e-07 1.92591e-07 8.05326e-08 4.51472e-08 2.00219e-08 5.50301e-09 9.16765e-09 6.31003e-09 2.42441e-09 6.19345e-10 1.36168e-09 2.37724e-10 2.73005e-10 1.34192e-09 8.86993e-10 4.46283e-09 7.92340e-09 8.90840e-10 1.68357e-11
1.05401e-05 3.54368e-06 4.29415e-07 9.85817e-07 6.55868e-07 6.51289e-07 2.35470e-07 2.91485e-08 1.32660e-08 6.58341e-08 6.69865e-09 4.91419e-09 1.45201e-09 9.60400e-10 2.30350e-09 1.75776e-10 4.33828e-10 1.78722e-10 1.75913e-10 7.67585e-11 2.44457e-10 4.30888e-10 3.92592e-10 8.90840e-10 1.77940e-09 6.84062e-12
5.63356e-07 1.23327e-07 1.50635e-07 7.44090e-08 4.98115e-08 3.31830e-08 1.40088e-09 1.76870e-08 7.58085e-09 9.31141e-11 2.23214e-09 1.44061e-10 3.60799e-10 5.50491e-11 2.67666e-11 1.02234e-10 3.22636e-11 4.76891e-12 5.67985e-12 1.06911e-11 1.07542e-11 5.10506e-14 3.58408e-12 1.68357e-11 6.84062e-12 8.87706e-12
