;Statistical covariance matrix for measured double-differential inclusive-jet cross sections for the range 2.5 <= |y| < 3.0 and jet radius parameter R = 0.4
;ABS(YRAP(JET)) : < 3.0
;PT(JET) IN GEV : > 100
;R : 0.4
;RE : P P --> JET X
;SQRT(S) : 7000.0 GeV
;ABS(YRAP) : 2.5 - 3.0
;x: PT(JET) IN GEV
;y: PT(JET) IN GEV
;z: cov(x,y) IN PB**+2*GEV**-2
;xlow-xhigh
is_covariance_matrix
is_statisticserror
;
2.67361e+02 1.12499e+01 6.04085e+00 5.50699e-01 9.94213e-02 4.99718e-02 2.71219e-02 7.04499e-03 1.18859e-03 1.02753e-03 1.28932e-03 1.27357e-06
1.12499e+01 6.21486e+01 5.74136e+00 9.22742e-01 2.08335e-01 2.13221e-02 1.45882e-03 4.61988e-03 2.88412e-03 5.16301e-04 1.75955e-04 5.82852e-06
6.04085e+00 5.74136e+00 1.61693e+01 1.01782e+00 2.75916e-01 4.99482e-02 7.34092e-03 2.01756e-03 1.18299e-03 4.42890e-04 9.53103e-05 2.81510e-06
5.50699e-01 9.22742e-01 1.01782e+00 1.89138e+00 8.33154e-02 3.73719e-02 6.90887e-03 1.92599e-03 3.75041e-04 4.00940e-05 4.79416e-05 1.30455e-06
9.94213e-02 2.08335e-01 2.75916e-01 8.33154e-02 2.38501e-01 2.20660e-02 3.70226e-03 1.10754e-03 9.67680e-05 1.09076e-06 3.27173e-05 6.79326e-07
4.99718e-02 2.13221e-02 4.99482e-02 3.73719e-02 2.20660e-02 8.00758e-02 5.41168e-03 1.37369e-03 2.83738e-04 4.11070e-05 2.04704e-05 3.24767e-08
2.71219e-02 1.45882e-03 7.34092e-03 6.90887e-03 3.70226e-03 5.41168e-03 8.27708e-03 7.74427e-04 2.29086e-04 3.12791e-05 1.33940e-06 4.91513e-08
7.04499e-03 4.61988e-03 2.01756e-03 1.92599e-03 1.10754e-03 1.37369e-03 7.74427e-04 2.63192e-03 2.96400e-04 6.10409e-05 6.91945e-06 3.95761e-08
1.18859e-03 2.88412e-03 1.18299e-03 3.75041e-04 9.67680e-05 2.83738e-04 2.29086e-04 2.96400e-04 8.33721e-04 9.98914e-05 1.01306e-05 1.02693e-07
1.02753e-03 5.16301e-04 4.42890e-04 4.00940e-05 1.09076e-06 4.11070e-05 3.12791e-05 6.10409e-05 9.98914e-05 2.39687e-04 1.29783e-05 1.61025e-07
1.28932e-03 1.75955e-04 9.53103e-05 4.79416e-05 3.27173e-05 2.04704e-05 1.33940e-06 6.91945e-06 1.01306e-05 1.29783e-05 1.87678e-05 1.08006e-07
1.27357e-06 5.82852e-06 2.81510e-06 1.30455e-06 6.79326e-07 3.24767e-08 4.91513e-08 3.95761e-08 1.02693e-07 1.61025e-07 1.08006e-07 9.50343e-09
