;Statistical covariance matrix for measured double-differential inclusive-jet cross sections for the range 0.0 <= |y| < 0.5 and jet radius parameter R = 0.4
;ABS(YRAP(JET)) : < 3.0
;PT(JET) IN GEV : > 100
;R : 0.4
;RE : P P --> JET X
;SQRT(S) : 7000.0 GeV
;ABS(YRAP) : 0.0 - 0.5
;x: PT(JET) IN GEV
;y: PT(JET) IN GEV
;z: cov(x,y) IN PB**+2*GEV**-2
;xlow-xhigh
is_covariance_matrix
is_statisticserror
1.42535e+03 1.44959e+02 2.85831e+01 8.70155e+00 9.86924e-01 2.33945e-01 1.57211e-01 2.73068e-03 1.09703e-01 5.87413e-02 2.20950e-02 1.37069e-03 4.67669e-05 3.46341e-03 3.09520e-03 8.37696e-04 2.19709e-04 5.19052e-05 7.30364e-05 9.10701e-05 2.54242e-05 1.09420e-04 2.08817e-04 8.88117e-05 5.01001e-05 4.14138e-05 2.94413e-05 3.81348e-05 1.24526e-05 3.50651e-06 8.06074e-07
1.44959e+02 3.21850e+02 5.19831e+01 5.62660e+00 2.50637e+00 1.04989e-02 1.08363e-01 1.62307e-01 9.46008e-02 4.92520e-02 2.22914e-02 1.52934e-02 3.07622e-03 1.41671e-03 1.01497e-03 1.18635e-03 1.11343e-04 3.12476e-04 3.20880e-04 5.47534e-05 5.53875e-05 5.25035e-05 5.00081e-05 2.97683e-05 1.26961e-05 3.98264e-05 1.42749e-05 1.77864e-05 1.70311e-05 8.40931e-07 4.94797e-07
2.85831e+01 5.19831e+01 9.13170e+01 1.04475e+01 2.30304e+00 6.00398e-01 4.74766e-02 5.06907e-02 1.08497e-02 6.60172e-03 3.93160e-03 4.41635e-03 6.95144e-04 2.50223e-03 2.49375e-04 3.35627e-04 1.21447e-04 1.82057e-04 2.89949e-05 3.59729e-05 1.72173e-05 4.43904e-05 3.61454e-06 4.96431e-06 2.77069e-05 3.01185e-06 6.18996e-06 9.82236e-06 3.44795e-06 5.15575e-07 2.05105e-07
8.70155e+00 5.62660e+00 1.04475e+01 1.69149e+01 1.37382e+00 5.30526e-01 1.10769e-01 1.74452e-02 1.64426e-02 7.11224e-03 2.21327e-03 4.39066e-03 4.95647e-04 4.13516e-04 2.17154e-04 2.89750e-04 4.08775e-05 7.76297e-05 2.44763e-05 2.17490e-05 1.56040e-05 2.25409e-05 7.07863e-06 7.33012e-06 2.32140e-06 2.99953e-06 2.87163e-06 7.63833e-06 3.93849e-07 6.54271e-07 3.97552e-09
9.86924e-01 2.50637e+00 2.30304e+00 1.37382e+00 2.95327e+00 3.90724e-01 5.03177e-02 2.71078e-02 8.39692e-06 1.39169e-03 9.74031e-04 1.50277e-03 5.99044e-04 5.44173e-05 6.92551e-05 6.46357e-05 6.75082e-06 1.36268e-05 1.37098e-05 7.83751e-06 9.08759e-06 4.27570e-06 4.30382e-07 3.95206e-06 2.77277e-06 6.78770e-07 7.69954e-07 6.53247e-07 1.24340e-06 3.54800e-07 3.35061e-08
2.33945e-01 1.04989e-02 6.00398e-01 5.30526e-01 3.90724e-01 1.18409e+00 1.11816e-01 3.97102e-02 1.16304e-02 3.60433e-03 1.27359e-03 6.89927e-04 2.70688e-04 8.07820e-05 4.14168e-05 2.81183e-05 5.65484e-06 1.37940e-05 4.80480e-06 1.99460e-07 8.21758e-06 4.96533e-06 2.29646e-06 4.56962e-08 4.92713e-07 1.19962e-08 3.02629e-07 1.05494e-07 6.57500e-07 3.17815e-08 7.85840e-09
1.57211e-01 1.08363e-01 4.74766e-02 1.10769e-01 5.03177e-02 1.11816e-01 2.19448e-01 2.65701e-02 7.35023e-03 3.33936e-03 1.03661e-04 4.32521e-04 6.63499e-05 6.07202e-06 1.44983e-05 3.00720e-06 3.30326e-07 7.13648e-06 3.04910e-06 8.84452e-07 5.29990e-07 1.00094e-06 2.22990e-06 6.38548e-07 3.33837e-07 1.33788e-06 5.95818e-07 3.57785e-07 3.15881e-07 3.31792e-08 1.22547e-09
2.73068e-03 1.62307e-01 5.06907e-02 1.74452e-02 2.71078e-02 3.97102e-02 2.65701e-02 1.04488e-01 2.07103e-02 1.38069e-03 8.83462e-04 1.38719e-04 1.29298e-04 2.21461e-05 1.39960e-05 5.68104e-06 1.94428e-07 1.24925e-06 2.81381e-06 1.71898e-06 4.39378e-07 6.84599e-07 1.63378e-07 5.94049e-07 6.62001e-07 4.17205e-07 2.67676e-08 8.17674e-08 3.96724e-08 3.46168e-09 2.75187e-09
1.09703e-01 9.46008e-02 1.08497e-02 1.64426e-02 8.39692e-06 1.16304e-02 7.35023e-03 2.07103e-02 5.13628e-02 1.17365e-02 9.47171e-04 6.15493e-04 4.34225e-05 3.70887e-05 1.49339e-05 9.21193e-07 2.67170e-07 8.31444e-07 1.38743e-06 2.18804e-06 6.52965e-07 4.36087e-07 2.96705e-07 3.10431e-07 1.73400e-07 1.02273e-07 2.31019e-07 6.38650e-08 8.71093e-09 5.34528e-08 1.02181e-09
5.87413e-02 4.92520e-02 6.60172e-03 7.11224e-03 1.39169e-03 3.60433e-03 3.33936e-03 1.38069e-03 1.17365e-02 2.48623e-02 4.80912e-03 5.85465e-04 2.14588e-04 3.59506e-05 5.10281e-06 1.72576e-06 7.34272e-07 2.97222e-06 1.77661e-06 8.40000e-07 5.58352e-07 2.58023e-07 2.29115e-07 3.80860e-07 3.41642e-08 8.02013e-08 5.86701e-08 1.76590e-07 5.98530e-08 4.04882e-08 7.39411e-09
2.20950e-02 2.22914e-02 3.93160e-03 2.21327e-03 9.74031e-04 1.27359e-03 1.03661e-04 8.83462e-04 9.47171e-04 4.80912e-03 8.25025e-03 6.23228e-04 2.75099e-04 6.24020e-05 1.32474e-05 2.98821e-06 5.48076e-07 1.89459e-06 1.63763e-06 2.03950e-07 4.68423e-08 1.53236e-07 1.39513e-07 4.38927e-07 3.52999e-07 2.27579e-07 1.81149e-08 5.62489e-08 4.69507e-08 1.39662e-08 9.53954e-10
1.37069e-03 1.52934e-02 4.41635e-03 4.39066e-03 1.50277e-03 6.89927e-04 4.32521e-04 1.38719e-04 6.15493e-04 5.85465e-04 6.23228e-04 1.68051e-03 1.06143e-05 4.82667e-05 9.28736e-06 1.65023e-06 6.00511e-07 1.48836e-07 1.33238e-07 1.49218e-07 3.46747e-07 1.89361e-07 1.53214e-07 4.19716e-08 3.32943e-08 1.04988e-08 4.13392e-08 1.59421e-09 5.25567e-09 1.24183e-08 3.01976e-10
4.67669e-05 3.07622e-03 6.95144e-04 4.95647e-04 5.99044e-04 2.70688e-04 6.63499e-05 1.29298e-04 4.34225e-05 2.14588e-04 2.75099e-04 1.06143e-05 3.20827e-04 1.58978e-06 8.53277e-06 2.42000e-06 4.52665e-07 6.27880e-08 2.11193e-07 1.23838e-07 4.90980e-09 2.38669e-08 5.77038e-08 3.09762e-08 2.48695e-08 9.57343e-09 8.82491e-10 8.27882e-09 3.34562e-09 1.85219e-09 3.41133e-10
3.46341e-03 1.41671e-03 2.50223e-03 4.13516e-04 5.44173e-05 8.07820e-05 6.07202e-06 2.21461e-05 3.70887e-05 3.59506e-05 6.24020e-05 4.82667e-05 1.58978e-06 9.42499e-05 1.09863e-06 3.02403e-06 6.95827e-07 5.12287e-08 4.85163e-08 1.30025e-08 6.12654e-08 4.54449e-08 4.91210e-08 3.15682e-08 1.55177e-08 1.73446e-08 4.48966e-09 7.50263e-10 2.67959e-10 1.11874e-09 8.00632e-11
3.09520e-03 1.01497e-03 2.49375e-04 2.17154e-04 6.92551e-05 4.14168e-05 1.44983e-05 1.39960e-05 1.49339e-05 5.10281e-06 1.32474e-05 9.28736e-06 8.53277e-06 1.09863e-06 3.31744e-05 2.36264e-06 9.74619e-07 3.34509e-07 3.98339e-08 8.39222e-08 7.36125e-09 1.76234e-08 2.87074e-10 3.79934e-09 1.89027e-09 4.21978e-09 3.61830e-11 1.66551e-09 5.42371e-10 1.42993e-09 1.06680e-10
8.37696e-04 1.18635e-03 3.35627e-04 2.89750e-04 6.46357e-05 2.81183e-05 3.00720e-06 5.68104e-06 9.21193e-07 1.72576e-06 2.98821e-06 1.65023e-06 2.42000e-06 3.02403e-06 2.36264e-06 6.99326e-06 6.66275e-07 1.09663e-07 7.04915e-08 2.03612e-08 1.33133e-09 2.90931e-09 9.06747e-09 3.91845e-09 7.07628e-09 6.44654e-10 1.32751e-09 1.27792e-09 1.12904e-09 3.16334e-10 6.05226e-13
2.19709e-04 1.11343e-04 1.21447e-04 4.08775e-05 6.75082e-06 5.65484e-06 3.30326e-07 1.94428e-07 2.67170e-07 7.34272e-07 5.48076e-07 6.00511e-07 4.52665e-07 6.95827e-07 9.74619e-07 6.66275e-07 2.89667e-06 4.67401e-07 6.85939e-08 4.46256e-08 1.10594e-08 8.38369e-09 3.24871e-09 2.27738e-09 1.23514e-09 6.85704e-11 2.55551e-10 2.60455e-10 3.09195e-11 1.45704e-10 1.57787e-11
5.19052e-05 3.12476e-04 1.82057e-04 7.76297e-05 1.36268e-05 1.37940e-05 7.13648e-06 1.24925e-06 8.31444e-07 2.97222e-06 1.89459e-06 1.48836e-07 6.27880e-08 5.12287e-08 3.34509e-07 1.09663e-07 4.67401e-07 1.40785e-06 2.86382e-07 2.81679e-08 1.43376e-08 1.50080e-09 2.34457e-09 3.08272e-09 1.71132e-09 3.45948e-10 2.11019e-09 1.00360e-09 2.30371e-10 1.76608e-10 6.28118e-11
7.30364e-05 3.20880e-04 2.89949e-05 2.44763e-05 1.37098e-05 4.80480e-06 3.04910e-06 2.81381e-06 1.38743e-06 1.77661e-06 1.63763e-06 1.33238e-07 2.11193e-07 4.85163e-08 3.98339e-08 7.04915e-08 6.85939e-08 2.86382e-07 7.68847e-07 1.81668e-07 5.44656e-09 7.85248e-09 2.27451e-09 8.91183e-10 2.30501e-10 1.33793e-09 2.32973e-11 3.91046e-10 6.19367e-11 1.56047e-10 1.54555e-11
9.10701e-05 5.47534e-05 3.59729e-05 2.17490e-05 7.83751e-06 1.99460e-07 8.84452e-07 1.71898e-06 2.18804e-06 8.40000e-07 2.03950e-07 1.49218e-07 1.23838e-07 1.30025e-08 8.39222e-08 2.03612e-08 4.46256e-08 2.81679e-08 1.81668e-07 4.29285e-07 1.05311e-07 5.22101e-09 4.12953e-09 2.94934e-09 2.15245e-09 7.66634e-11 3.19263e-10 2.14495e-10 5.64289e-10 1.20914e-10 1.31921e-11
2.54242e-05 5.53875e-05 1.72173e-05 1.56040e-05 9.08759e-06 8.21758e-06 5.29990e-07 4.39378e-07 6.52965e-07 5.58352e-07 4.68423e-08 3.46747e-07 4.90980e-09 6.12654e-08 7.36125e-09 1.33133e-09 1.10594e-08 1.43376e-08 5.44656e-09 1.05311e-07 2.44431e-07 6.35924e-08 2.09214e-10 2.02724e-09 7.23930e-10 5.17278e-10 1.04301e-10 2.55586e-10 2.22072e-10 6.46012e-11 1.28902e-11
1.09420e-04 5.25035e-05 4.43904e-05 2.25409e-05 4.27570e-06 4.96533e-06 1.00094e-06 6.84599e-07 4.36087e-07 2.58023e-07 1.53236e-07 1.89361e-07 2.38669e-08 4.54449e-08 1.76234e-08 2.90931e-09 8.38369e-09 1.50080e-09 7.85248e-09 5.22101e-09 6.35924e-08 1.43091e-07 4.28406e-08 1.90406e-10 1.73114e-09 6.47605e-10 3.65055e-12 6.92884e-11 3.25011e-11 4.67577e-11 3.30455e-11
2.08817e-04 5.00081e-05 3.61454e-06 7.07863e-06 4.30382e-07 2.29646e-06 2.22990e-06 1.63378e-07 2.96705e-07 2.29115e-07 1.39513e-07 1.53214e-07 5.77038e-08 4.91210e-08 2.87074e-10 9.06747e-09 3.24871e-09 2.34457e-09 2.27451e-09 4.12953e-09 2.09214e-10 4.28406e-08 8.17166e-08 2.49396e-08 2.45754e-10 5.55525e-10 1.29382e-10 3.41461e-10 8.06440e-11 5.48043e-11 1.60609e-11
8.88117e-05 2.97683e-05 4.96431e-06 7.33012e-06 3.95206e-06 4.56962e-08 6.38548e-07 5.94049e-07 3.10431e-07 3.80860e-07 4.38927e-07 4.19716e-08 3.09762e-08 3.15682e-08 3.79934e-09 3.91845e-09 2.27738e-09 3.08272e-09 8.91183e-10 2.94934e-09 2.02724e-09 1.90406e-10 2.49396e-08 4.50857e-08 1.39966e-08 9.78654e-10 3.52355e-10 1.30579e-10 6.25785e-11 1.19679e-11 5.76784e-13
5.01001e-05 1.26961e-05 2.77069e-05 2.32140e-06 2.77277e-06 4.92713e-07 3.33837e-07 6.62001e-07 1.73400e-07 3.41642e-08 3.52999e-07 3.32943e-08 2.48695e-08 1.55177e-08 1.89027e-09 7.07628e-09 1.23514e-09 1.71132e-09 2.30501e-10 2.15245e-09 7.23930e-10 1.73114e-09 2.45754e-10 1.39966e-08 2.75025e-08 9.06825e-09 1.78864e-10 4.01026e-10 6.70351e-11 4.74603e-11 5.60182e-12
4.14138e-05 3.98264e-05 3.01185e-06 2.99953e-06 6.78770e-07 1.19962e-08 1.33788e-06 4.17205e-07 1.02273e-07 8.02013e-08 2.27579e-07 1.04988e-08 9.57343e-09 1.73446e-08 4.21978e-09 6.44654e-10 6.85704e-11 3.45948e-10 1.33793e-09 7.66634e-11 5.17278e-10 6.47605e-10 5.55525e-10 9.78654e-10 9.06825e-09 1.62594e-08 4.88953e-09 8.05029e-11 9.74689e-11 6.11474e-11 9.60285e-12
2.94413e-05 1.42749e-05 6.18996e-06 2.87163e-06 7.69954e-07 3.02629e-07 5.95818e-07 2.67676e-08 2.31019e-07 5.86701e-08 1.81149e-08 4.13392e-08 8.82491e-10 4.48966e-09 3.61830e-11 1.32751e-09 2.55551e-10 2.11019e-09 2.32973e-11 3.19263e-10 1.04301e-10 3.65055e-12 1.29382e-10 3.52355e-10 1.78864e-10 4.88953e-09 9.40247e-09 2.17672e-09 8.72430e-11 3.00469e-11 4.82728e-12
3.81348e-05 1.77864e-05 9.82236e-06 7.63833e-06 6.53247e-07 1.05494e-07 3.57785e-07 8.17674e-08 6.38650e-08 1.76590e-07 5.62489e-08 1.59421e-09 8.27882e-09 7.50263e-10 1.66551e-09 1.27792e-09 2.60455e-10 1.00360e-09 3.91046e-10 2.14495e-10 2.55586e-10 6.92884e-11 3.41461e-10 1.30579e-10 4.01026e-10 8.05029e-11 2.17672e-09 4.30081e-09 5.95629e-10 2.08936e-11 2.24077e-13
1.24526e-05 1.70311e-05 3.44795e-06 3.93849e-07 1.24340e-06 6.57500e-07 3.15881e-07 3.96724e-08 8.71093e-09 5.98530e-08 4.69507e-08 5.25567e-09 3.34562e-09 2.67959e-10 5.42371e-10 1.12904e-09 3.09195e-11 2.30371e-10 6.19367e-11 5.64289e-10 2.22072e-10 3.25011e-11 8.06440e-11 6.25785e-11 6.70351e-11 9.74689e-11 8.72430e-11 5.95629e-10 1.38002e-09 9.10953e-11 1.12525e-12
3.50651e-06 8.40931e-07 5.15575e-07 6.54271e-07 3.54800e-07 3.17815e-08 3.31792e-08 3.46168e-09 5.34528e-08 4.04882e-08 1.39662e-08 1.24183e-08 1.85219e-09 1.11874e-09 1.42993e-09 3.16334e-10 1.45704e-10 1.76608e-10 1.56047e-10 1.20914e-10 6.46012e-11 4.67577e-11 5.48043e-11 1.19679e-11 4.74603e-11 6.11474e-11 3.00469e-11 2.08936e-11 9.10953e-11 2.43820e-10 6.18333e-12
8.06074e-07 4.94797e-07 2.05105e-07 3.97552e-09 3.35061e-08 7.85840e-09 1.22547e-09 2.75187e-09 1.02181e-09 7.39411e-09 9.53954e-10 3.01976e-10 3.41133e-10 8.00632e-11 1.06680e-10 6.05226e-13 1.57787e-11 6.28118e-11 1.54555e-11 1.31921e-11 1.28902e-11 3.30455e-11 1.60609e-11 5.76784e-13 5.60182e-12 9.60285e-12 4.82728e-12 2.24077e-13 1.12525e-12 6.18333e-12 8.68393e-12
