;Statistical covariance matrix for measured double-differential inclusive-jet cross sections for the range 0.5 <= |y| < 1.0 and jet radius parameter R = 0.4
;ABS(YRAP(JET)) : < 3.0
;PT(JET) IN GEV : > 100
;R : 0.4
;RE : P P --> JET X
;SQRT(S) : 7000.0 GeV
;ABS(YRAP) : 0.5 - 1.0
;x: PT(JET) IN GEV
;y: PT(JET) IN GEV
;z: cov(x,y) IN PB**+2*GEV**-2
;xlow-xhigh
;
is_covariance_matrix
is_statisticserror
1.81747e+03 1.33308e+02 2.28552e+01 7.61335e+00 8.68952e-01 3.90998e-01 1.15052e-01 1.49441e-01 9.79384e-02 7.26363e-03 1.56806e-02 1.90289e-03 4.52976e-04 3.56958e-04 2.01140e-03 1.30930e-03 4.57963e-04 1.27332e-05 1.19104e-04 1.69422e-04 3.71740e-04 2.29714e-04 1.45124e-06 1.16827e-05 3.57088e-05 3.97951e-05 9.41260e-06 1.76294e-05 2.84068e-07
1.33308e+02 3.00805e+02 4.61695e+01 3.94885e+00 1.73378e+00 2.25099e-01 4.67772e-02 4.96788e-02 1.84426e-02 3.60632e-02 4.81985e-02 8.97088e-03 1.86122e-03 2.22884e-03 1.08510e-03 2.48192e-04 7.09601e-05 8.20102e-05 7.10272e-05 6.55032e-05 1.54797e-05 5.03149e-05 2.11279e-05 1.89941e-05 2.63951e-05 2.00648e-05 7.90813e-06 1.57677e-06 5.43464e-08
2.28552e+01 4.61695e+01 8.68008e+01 1.06400e+01 1.82268e+00 5.81039e-01 1.24731e-01 4.82683e-02 1.02827e-02 6.28531e-03 2.73146e-02 3.98032e-03 5.65265e-04 1.31014e-03 3.51325e-04 1.85374e-04 8.01787e-05 9.69204e-05 2.04775e-05 1.31430e-04 7.79272e-05 1.23206e-05 1.26091e-05 7.00931e-06 8.87480e-06 1.19840e-07 4.75927e-06 3.48670e-07 1.01753e-07
7.61335e+00 3.94885e+00 1.06400e+01 1.41224e+01 1.02304e+00 3.57581e-01 9.45673e-02 1.32585e-02 8.76477e-04 3.18822e-03 2.75457e-03 6.71208e-04 6.22299e-04 5.05008e-04 4.13637e-05 9.11489e-05 4.83352e-07 4.61137e-05 2.79287e-05 1.65576e-05 2.06463e-05 1.56582e-05 4.10098e-06 6.11696e-06 1.69132e-06 4.04541e-06 1.56246e-06 1.58034e-07 2.89265e-08
8.68952e-01 1.73378e+00 1.82268e+00 1.02304e+00 2.71357e+00 3.65981e-01 4.00733e-02 2.42415e-02 7.56374e-05 8.92733e-04 1.14733e-03 2.31370e-05 1.69895e-04 5.54469e-05 3.08423e-07 3.37356e-06 9.94552e-06 3.41231e-06 2.65666e-05 1.61541e-05 1.20986e-06 6.25421e-06 1.12042e-06 6.74865e-07 2.65339e-07 2.49000e-06 4.35247e-07 3.44664e-07 1.27533e-07
3.90998e-01 2.25099e-01 5.81039e-01 3.57581e-01 3.65981e-01 1.06413e+00 1.19152e-01 3.32512e-02 4.69007e-03 9.57896e-04 1.68858e-03 4.96754e-04 1.33645e-04 9.21566e-05 6.22746e-05 8.63028e-06 3.17897e-06 1.48117e-05 1.36010e-07 1.43788e-06 5.76110e-06 1.14198e-06 7.31149e-07 9.90910e-07 1.28017e-06 9.02326e-08 7.22234e-07 1.42038e-07 2.85380e-08
1.15052e-01 4.67772e-02 1.24731e-01 9.45673e-02 4.00733e-02 1.19152e-01 1.87668e-01 2.86990e-02 4.37273e-03 2.81173e-03 3.11646e-04 5.26426e-05 7.37338e-05 1.03819e-05 1.58630e-05 1.36941e-05 7.18507e-06 4.18178e-06 3.38464e-06 7.96884e-07 6.61845e-07 7.85702e-07 7.27592e-07 4.43596e-07 1.57426e-07 1.88192e-08 7.71736e-08 2.41246e-08 1.08421e-08
1.49441e-01 4.96788e-02 4.82683e-02 1.32585e-02 2.42415e-02 3.32512e-02 2.86990e-02 9.01821e-02 1.63897e-02 2.86954e-03 1.27605e-03 4.92141e-05 1.02268e-04 8.71937e-06 8.35626e-06 1.45207e-05 2.35215e-06 2.48164e-06 7.60450e-07 2.57860e-07 7.13408e-07 2.83788e-07 5.29389e-07 5.45880e-07 2.04632e-08 3.14897e-08 1.59103e-07 2.62110e-08 5.12394e-09
9.79384e-02 1.84426e-02 1.02827e-02 8.76477e-04 7.56374e-05 4.69007e-03 4.37273e-03 1.63897e-02 4.66985e-02 1.02488e-02 8.84272e-04 5.48425e-04 4.45649e-05 1.02492e-05 7.81732e-06 5.08311e-06 8.34698e-07 2.76004e-06 1.11469e-06 4.84491e-07 5.70385e-07 9.21928e-07 2.45905e-07 5.88905e-07 4.25517e-07 3.73519e-07 1.34993e-07 1.51305e-09 3.76824e-09
7.26363e-03 3.60632e-02 6.28531e-03 3.18822e-03 8.92733e-04 9.57896e-04 2.81173e-03 2.86954e-03 1.02488e-02 2.32726e-02 3.89063e-03 6.73969e-04 2.01793e-04 4.33951e-05 3.76590e-06 3.92433e-06 5.63294e-07 2.41540e-06 6.77324e-07 4.95684e-07 7.99248e-08 8.89430e-07 1.28363e-07 5.93205e-07 1.59191e-07 2.90057e-07 1.24434e-08 7.14904e-08 3.13732e-10
1.56806e-02 4.81985e-02 2.73146e-02 2.75457e-03 1.14733e-03 1.68858e-03 3.11646e-04 1.27605e-03 8.84272e-04 3.89063e-03 7.80386e-03 6.05870e-04 2.49942e-04 5.44765e-05 1.61855e-05 4.11838e-07 2.46239e-07 1.80881e-08 1.99787e-07 5.10593e-07 3.57176e-07 2.32244e-07 2.80341e-07 2.14763e-07 1.34542e-07 6.83149e-09 2.22206e-08 2.40925e-08 3.29290e-09
1.90289e-03 8.97088e-03 3.98032e-03 6.71208e-04 2.31370e-05 4.96754e-04 5.26426e-05 4.92141e-05 5.48425e-04 6.73969e-04 6.05870e-04 1.41804e-03 6.22047e-06 3.64205e-05 1.08312e-05 3.65215e-07 1.31817e-07 4.84427e-07 3.68769e-07 6.49252e-07 7.54429e-08 1.19847e-08 1.75483e-07 1.76807e-07 2.48213e-08 6.47117e-08 2.30805e-08 5.01486e-09 8.34223e-10
4.52976e-04 1.86122e-03 5.65265e-04 6.22299e-04 1.69895e-04 1.33645e-04 7.37338e-05 1.02268e-04 4.45649e-05 2.01793e-04 2.49942e-04 6.22047e-06 2.50777e-04 4.22055e-06 5.70810e-06 1.18128e-06 6.46763e-07 7.90589e-08 2.72489e-07 4.48150e-08 1.49012e-08 2.50383e-08 4.33041e-09 8.34694e-08 1.99837e-08 6.33119e-09 4.82065e-09 4.56457e-09 2.12466e-10
3.56958e-04 2.22884e-03 1.31014e-03 5.05008e-04 5.54469e-05 9.21566e-05 1.03819e-05 8.71937e-06 1.02492e-05 4.33951e-05 5.44765e-05 3.64205e-05 4.22055e-06 8.02711e-05 1.01532e-06 2.11662e-06 5.33660e-07 1.21191e-08 6.12427e-08 5.46827e-08 7.95592e-09 2.38117e-08 2.44577e-08 3.35558e-09 6.67849e-09 1.03591e-08 7.43325e-10 3.69914e-10 7.28724e-10
2.01140e-03 1.08510e-03 3.51325e-04 4.13637e-05 3.08423e-07 6.22746e-05 1.58630e-05 8.35626e-06 7.81732e-06 3.76590e-06 1.61855e-05 1.08312e-05 5.70810e-06 1.01532e-06 2.48237e-05 1.60978e-06 6.85086e-07 3.94680e-08 7.29626e-09 7.50258e-10 1.05984e-08 1.20281e-08 6.49996e-10 2.58989e-09 5.19439e-09 2.55222e-09 6.10071e-10 9.46445e-10 5.21363e-11
1.30930e-03 2.48192e-04 1.85374e-04 9.11489e-05 3.37356e-06 8.63028e-06 1.36941e-05 1.45207e-05 5.08311e-06 3.92433e-06 4.11838e-07 3.65215e-07 1.18128e-06 2.11662e-06 1.60978e-06 5.51267e-06 5.74893e-07 1.21933e-07 7.41451e-08 2.81752e-08 3.80233e-09 2.29787e-09 6.07558e-09 2.97015e-09 9.52143e-10 9.35245e-10 7.56075e-10 2.52919e-10 9.23218e-12
4.57963e-04 7.09601e-05 8.01787e-05 4.83352e-07 9.94552e-06 3.17897e-06 7.18507e-06 2.35215e-06 8.34698e-07 5.63294e-07 2.46239e-07 1.31817e-07 6.46763e-07 5.33660e-07 6.85086e-07 5.74893e-07 2.33727e-06 3.49522e-07 6.66928e-08 1.65108e-08 8.33176e-09 4.79573e-09 1.06298e-09 8.28318e-10 1.35308e-09 9.67236e-10 8.21342e-10 9.37746e-11 3.95225e-11
1.27332e-05 8.20102e-05 9.69204e-05 4.61137e-05 3.41231e-06 1.48117e-05 4.18178e-06 2.48164e-06 2.76004e-06 2.41540e-06 1.80881e-08 4.84427e-07 7.90589e-08 1.21191e-08 3.94680e-08 1.21933e-07 3.49522e-07 1.12470e-06 2.41649e-07 1.66589e-08 8.87220e-09 7.24018e-11 1.40486e-09 1.62221e-09 2.27685e-10 4.44234e-10 5.59192e-11 4.51294e-11 1.21648e-11
1.19104e-04 7.10272e-05 2.04775e-05 2.79287e-05 2.65666e-05 1.36010e-07 3.38464e-06 7.60450e-07 1.11469e-06 6.77324e-07 1.99787e-07 3.68769e-07 2.72489e-07 6.12427e-08 7.29626e-09 7.41451e-08 6.66928e-08 2.41649e-07 5.63126e-07 1.35472e-07 8.60951e-09 7.51864e-09 8.09657e-11 1.74518e-09 9.14921e-10 1.32646e-10 3.60482e-10 3.26826e-10 2.90656e-11
1.69422e-04 6.55032e-05 1.31430e-04 1.65576e-05 1.61541e-05 1.43788e-06 7.96884e-07 2.57860e-07 4.84491e-07 4.95684e-07 5.10593e-07 6.49252e-07 4.48150e-08 5.46827e-08 7.50258e-10 2.81752e-08 1.65108e-08 1.66589e-08 1.35472e-07 3.24362e-07 8.17305e-08 1.17815e-09 1.64118e-09 1.49478e-10 1.55892e-10 2.38289e-10 5.19281e-10 1.30060e-10 2.20179e-11
3.71740e-04 1.54797e-05 7.79272e-05 2.06463e-05 1.20986e-06 5.76110e-06 6.61845e-07 7.13408e-07 5.70385e-07 7.99248e-08 3.57176e-07 7.54429e-08 1.49012e-08 7.95592e-09 1.05984e-08 3.80233e-09 8.33176e-09 8.87220e-09 8.60951e-09 8.17305e-08 1.83413e-07 4.67841e-08 3.76597e-09 2.62827e-09 5.08507e-10 5.64090e-10 1.89037e-10 1.99093e-11 4.51072e-12
2.29714e-04 5.03149e-05 1.23206e-05 1.56582e-05 6.25421e-06 1.14198e-06 7.85702e-07 2.83788e-07 9.21928e-07 8.89430e-07 2.32244e-07 1.19847e-08 2.50383e-08 2.38117e-08 1.20281e-08 2.29787e-09 4.79573e-09 7.24018e-11 7.51864e-09 1.17815e-09 4.67841e-08 1.02250e-07 2.80723e-08 1.52947e-09 1.36523e-09 1.55054e-10 1.81839e-10 2.27518e-11 1.78624e-11
1.45124e-06 2.11279e-05 1.26091e-05 4.10098e-06 1.12042e-06 7.31149e-07 7.27592e-07 5.29389e-07 2.45905e-07 1.28363e-07 2.80341e-07 1.75483e-07 4.33041e-09 2.44577e-08 6.49996e-10 6.07558e-09 1.06298e-09 1.40486e-09 8.09657e-11 1.64118e-09 3.76597e-09 2.80723e-08 5.60850e-08 1.61272e-08 1.52234e-09 1.10867e-09 8.50721e-11 1.97805e-11 1.01810e-11
1.16827e-05 1.89941e-05 7.00931e-06 6.11696e-06 6.74865e-07 9.90910e-07 4.43596e-07 5.45880e-07 5.88905e-07 5.93205e-07 2.14763e-07 1.76807e-07 8.34694e-08 3.35558e-09 2.58989e-09 2.97015e-09 8.28318e-10 1.62221e-09 1.74518e-09 1.49478e-10 2.62827e-09 1.52947e-09 1.61272e-08 3.13641e-08 8.36628e-09 4.58535e-10 3.42655e-10 6.74679e-11 5.69158e-12
3.57088e-05 2.63951e-05 8.87480e-06 1.69132e-06 2.65339e-07 1.28017e-06 1.57426e-07 2.04632e-08 4.25517e-07 1.59191e-07 1.34542e-07 2.48213e-08 1.99837e-08 6.67849e-09 5.19439e-09 9.52143e-10 1.35308e-09 2.27685e-10 9.14921e-10 1.55892e-10 5.08507e-10 1.36523e-09 1.52234e-09 8.36628e-09 1.70488e-08 4.93875e-09 3.72866e-10 8.62101e-11 6.33489e-12
3.97951e-05 2.00648e-05 1.19840e-07 4.04541e-06 2.49000e-06 9.02326e-08 1.88192e-08 3.14897e-08 3.73519e-07 2.90057e-07 6.83149e-09 6.47117e-08 6.33119e-09 1.03591e-08 2.55222e-09 9.35245e-10 9.67236e-10 4.44234e-10 1.32646e-10 2.38289e-10 5.64090e-10 1.55054e-10 1.10867e-09 4.58535e-10 4.93875e-09 9.71109e-09 7.79984e-10 7.12620e-11 3.96750e-12
9.41260e-06 7.90813e-06 4.75927e-06 1.56246e-06 4.35247e-07 7.22234e-07 7.71736e-08 1.59103e-07 1.34993e-07 1.24434e-08 2.22206e-08 2.30805e-08 4.82065e-09 7.43325e-10 6.10071e-10 7.56075e-10 8.21342e-10 5.59192e-11 3.60482e-10 5.19281e-10 1.89037e-10 1.81839e-10 8.50721e-11 3.42655e-10 3.72866e-10 7.79984e-10 1.96251e-09 1.05716e-10 5.06447e-12
1.76294e-05 1.57677e-06 3.48670e-07 1.58034e-07 3.44664e-07 1.42038e-07 2.41246e-08 2.62110e-08 1.51305e-09 7.14904e-08 2.40925e-08 5.01486e-09 4.56457e-09 3.69914e-10 9.46445e-10 2.52919e-10 9.37746e-11 4.51294e-11 3.26826e-10 1.30060e-10 1.99093e-11 2.27518e-11 1.97805e-11 6.74679e-11 8.62101e-11 7.12620e-11 1.05716e-10 4.40572e-10 5.31179e-12
2.84068e-07 5.43464e-08 1.01753e-07 2.89265e-08 1.27533e-07 2.85380e-08 1.08421e-08 5.12394e-09 3.76824e-09 3.13732e-10 3.29290e-09 8.34223e-10 2.12466e-10 7.28724e-10 5.21363e-11 9.23218e-12 3.95225e-11 1.21648e-11 2.90656e-11 2.20179e-11 4.51072e-12 1.78624e-11 1.01810e-11 5.69158e-12 6.33489e-12 3.96750e-12 5.06447e-12 5.31179e-12 1.01396e-11
