;Statistical covariance matrix for measured double-differential inclusive-jet cross sections for the range 1.0 <= |y| < 1.5 and jet radius parameter R = 0.6
;ABS(YRAP(JET)) : < 3.0
;PT(JET) IN GEV : > 100
;R : 0.6
;RE : P P --> JET X
;SQRT(S) : 7000.0 GeV
;ABS(YRAP) : 1.0 - 1.5
;x: PT(JET) IN GEV
;y: PT(JET) IN GEV
;z: cov(x,y) IN PB**+2*GEV**-2
;xlow-xhigh
is_covariance_matrix
is_statisticserror
; 
1.96144e+03 1.69794e+02 3.14258e+01 1.22191e+01 1.38862e+00 4.17157e-01 2.23384e-02 4.23213e-02 3.21677e-02 2.60372e-02 6.12240e-03 2.22821e-05 8.66118e-03 6.31630e-03 1.71302e-03 3.55799e-04 5.42483e-04 1.05232e-04 2.14835e-04 1.16114e-05 6.67810e-05 8.79780e-05 6.71906e-06 6.33782e-06 4.09360e-05 8.40756e-07
1.69794e+02 3.98862e+02 5.20313e+01 7.63448e+00 2.68106e+00 2.54308e-01 1.26978e-01 5.40466e-02 5.10866e-03 4.74637e-02 6.22193e-03 1.02256e-02 2.89142e-03 1.39883e-03 1.98573e-03 1.54140e-04 1.83909e-04 2.96640e-05 2.94057e-05 6.23201e-05 2.72417e-06 1.17470e-05 4.68803e-05 2.85352e-05 4.36588e-08 5.78223e-08
3.14258e+01 5.20313e+01 8.25951e+01 9.65139e+00 1.83129e+00 6.36744e-01 9.25830e-02 3.97430e-03 1.35993e-03 4.00788e-03 1.13488e-02 2.67035e-03 1.06780e-03 7.52871e-04 3.58582e-04 2.07338e-04 2.85436e-05 2.09677e-05 1.49520e-05 1.60495e-06 8.62854e-06 2.01685e-05 1.14504e-05 1.96936e-06 1.08280e-06 1.38853e-09
1.22191e+01 7.63448e+00 9.65139e+00 1.32501e+01 9.20852e-01 4.45743e-01 9.84027e-02 9.90675e-03 3.62499e-04 3.61007e-03 3.72631e-03 7.07021e-04 4.51407e-04 4.01117e-04 1.11232e-04 6.65528e-06 4.42974e-05 1.23208e-05 2.11860e-05 1.93008e-06 9.46275e-06 2.97315e-06 4.66852e-06 7.32681e-07 2.94029e-06 1.14987e-08
1.38862e+00 2.68106e+00 1.83129e+00 9.20852e-01 2.48818e+00 3.38387e-01 5.70048e-02 3.19560e-02 2.49965e-03 3.31178e-03 9.29413e-04 1.06901e-03 2.38658e-04 2.19256e-04 1.24698e-05 5.22639e-05 1.99988e-05 1.32882e-06 9.53812e-07 5.25438e-06 5.17157e-06 3.55386e-06 4.30425e-07 1.25631e-06 1.19246e-06 1.95111e-08
4.17157e-01 2.54308e-01 6.36744e-01 4.45743e-01 3.38387e-01 1.02376e+00 7.06369e-02 3.78559e-02 1.01050e-02 2.00505e-03 2.22595e-05 6.45292e-04 1.02241e-04 1.65181e-04 2.85568e-05 3.46301e-06 1.08782e-05 1.29170e-05 9.80947e-06 4.78651e-06 2.04903e-07 1.65491e-06 3.03286e-07 2.01615e-07 2.99339e-07 2.44489e-08
2.23384e-02 1.26978e-01 9.25830e-02 9.84027e-02 5.70048e-02 7.06369e-02 1.97679e-01 2.77834e-02 6.09375e-03 3.18412e-03 1.55941e-04 3.54671e-05 4.12793e-05 1.92681e-05 1.59697e-07 8.02599e-06 2.19332e-07 4.98042e-06 1.82865e-06 1.45837e-06 1.40861e-06 6.03599e-07 1.45058e-06 2.91635e-07 6.22928e-08 1.12079e-08
4.23213e-02 5.40466e-02 3.97430e-03 9.90675e-03 3.19560e-02 3.78559e-02 2.77834e-02 8.28685e-02 1.64026e-02 3.29625e-03 5.82086e-04 1.06181e-04 2.48077e-05 3.02800e-06 6.60240e-06 5.06623e-06 1.78941e-06 2.70480e-06 1.34308e-06 6.42838e-07 3.83445e-07 4.43913e-07 4.45595e-08 7.95799e-08 2.82582e-08 1.59666e-08
3.21677e-02 5.10866e-03 1.35993e-03 3.62499e-04 2.49965e-03 1.01050e-02 6.09375e-03 1.64026e-02 3.94212e-02 8.60706e-03 9.44670e-04 5.27773e-04 7.19934e-06 8.94460e-06 4.51285e-06 3.62002e-06 3.77776e-06 1.02776e-06 9.24925e-07 2.76018e-07 3.22066e-07 4.29519e-08 1.97045e-07 8.00913e-08 1.25594e-07 4.83385e-10
2.60372e-02 4.74637e-02 4.00788e-03 3.61007e-03 3.31178e-03 2.00505e-03 3.18412e-03 3.29625e-03 8.60706e-03 2.08882e-02 3.32771e-03 5.22148e-04 1.87684e-04 5.05773e-05 9.79385e-07 5.96398e-06 2.49421e-06 2.16338e-06 4.99194e-07 1.82362e-07 2.43592e-08 3.53593e-07 1.48377e-07 6.95744e-08 1.29086e-07 4.84209e-09
6.12240e-03 6.22193e-03 1.13488e-02 3.72631e-03 9.29413e-04 2.22595e-05 1.55941e-04 5.82086e-04 9.44670e-04 3.32771e-03 6.28931e-03 2.90804e-04 2.11338e-04 4.98848e-05 1.55879e-07 2.24889e-06 4.75502e-07 1.18602e-06 1.78967e-07 2.67938e-07 2.70604e-07 2.40946e-07 9.42049e-08 1.83220e-07 2.92405e-08 1.24893e-10
2.22821e-05 1.02256e-02 2.67035e-03 7.07021e-04 1.06901e-03 6.45292e-04 3.54671e-05 1.06181e-04 5.27773e-04 5.22148e-04 2.90804e-04 1.06843e-03 4.67658e-06 3.92148e-05 6.02166e-06 8.74747e-08 1.44293e-07 9.04349e-08 1.26988e-08 9.92961e-08 1.26281e-07 9.13551e-08 5.56737e-09 8.98681e-09 9.24630e-09 4.63328e-10
8.66118e-03 2.89142e-03 1.06780e-03 4.51407e-04 2.38658e-04 1.02241e-04 4.12793e-05 2.48077e-05 7.19934e-06 1.87684e-04 2.11338e-04 4.67658e-06 1.77046e-04 3.35861e-06 5.00255e-06 8.93828e-07 2.55860e-07 4.32583e-08 9.94541e-09 6.16865e-08 1.12479e-08 1.40375e-09 2.84020e-08 2.03864e-08 5.61071e-10 4.58265e-10
6.31630e-03 1.39883e-03 7.52871e-04 4.01117e-04 2.19256e-04 1.65181e-04 1.92681e-05 3.02800e-06 8.94460e-06 5.05773e-05 4.98848e-05 3.92148e-05 3.35861e-06 6.10846e-05 1.36434e-06 1.85322e-06 3.49792e-07 5.12911e-08 3.80713e-09 7.42539e-08 4.14148e-08 1.67939e-08 3.37723e-10 5.39925e-09 1.66342e-09 1.28856e-10
1.71302e-03 1.98573e-03 3.58582e-04 1.11232e-04 1.24698e-05 2.85568e-05 1.59697e-07 6.60240e-06 4.51285e-06 9.79385e-07 1.55879e-07 6.02166e-06 5.00255e-06 1.36434e-06 1.66016e-05 1.08385e-06 5.43116e-07 1.09292e-07 1.56467e-08 3.95507e-08 2.68011e-09 1.40106e-08 4.14735e-09 4.90279e-09 3.17425e-09 1.83148e-11
3.55799e-04 1.54140e-04 2.07338e-04 6.65528e-06 5.22639e-05 3.46301e-06 8.02599e-06 5.06623e-06 3.62002e-06 5.96398e-06 2.24889e-06 8.74747e-08 8.93828e-07 1.85322e-06 1.08385e-06 3.49020e-06 2.65495e-07 1.30131e-07 3.43967e-08 6.46934e-09 5.75059e-10 3.10631e-10 6.29054e-10 9.31553e-10 1.24357e-09 8.71170e-11
5.42483e-04 1.83909e-04 2.85436e-05 4.42974e-05 1.99988e-05 1.08782e-05 2.19332e-07 1.78941e-06 3.77776e-06 2.49421e-06 4.75502e-07 1.44293e-07 2.55860e-07 3.49792e-07 5.43116e-07 2.65495e-07 1.47407e-06 2.14967e-07 4.97279e-08 2.65036e-08 8.45308e-09 4.22133e-09 1.78677e-10 3.83898e-10 7.62390e-10 4.12588e-11
1.05232e-04 2.96640e-05 2.09677e-05 1.23208e-05 1.32882e-06 1.29170e-05 4.98042e-06 2.70480e-06 1.02776e-06 2.16338e-06 1.18602e-06 9.04349e-08 4.32583e-08 5.12911e-08 1.09292e-07 1.30131e-07 2.14967e-07 7.15486e-07 1.31285e-07 2.14130e-08 1.10748e-08 1.13998e-09 3.09797e-10 1.42150e-09 6.57595e-11 1.34837e-12
2.14835e-04 2.94057e-05 1.49520e-05 2.11860e-05 9.53812e-07 9.80947e-06 1.82865e-06 1.34308e-06 9.24925e-07 4.99194e-07 1.78967e-07 1.26988e-08 9.94541e-09 3.80713e-09 1.56467e-08 3.43967e-08 4.97279e-08 1.31285e-07 3.22171e-07 7.38695e-08 9.66790e-09 5.84310e-09 8.64686e-10 7.17054e-13 5.12400e-11 5.90419e-12
1.16114e-05 6.23201e-05 1.60495e-06 1.93008e-06 5.25438e-06 4.78651e-06 1.45837e-06 6.42838e-07 2.76018e-07 1.82362e-07 2.67938e-07 9.92961e-08 6.16865e-08 7.42539e-08 3.95507e-08 6.46934e-09 2.65036e-08 2.14130e-08 7.38695e-08 1.58566e-07 3.93434e-08 5.27551e-09 3.23568e-09 5.04817e-10 9.47630e-11 2.85969e-11
6.67810e-05 2.72417e-06 8.62854e-06 9.46275e-06 5.17157e-06 2.04903e-07 1.40861e-06 3.83445e-07 3.22066e-07 2.43592e-08 2.70604e-07 1.26281e-07 1.12479e-08 4.14148e-08 2.68011e-09 5.75059e-10 8.45308e-09 1.10748e-08 9.66790e-09 3.93434e-08 7.60094e-08 2.07377e-08 2.24136e-09 1.70284e-09 9.31588e-11 1.73144e-11
8.79780e-05 1.17470e-05 2.01685e-05 2.97315e-06 3.55386e-06 1.65491e-06 6.03599e-07 4.43913e-07 4.29519e-08 3.53593e-07 2.40946e-07 9.13551e-08 1.40375e-09 1.67939e-08 1.40106e-08 3.10631e-10 4.22133e-09 1.13998e-09 5.84310e-09 5.27551e-09 2.07377e-08 3.95369e-08 1.12954e-08 1.23462e-09 2.92104e-10 1.59502e-12
6.71906e-06 4.68803e-05 1.14504e-05 4.66852e-06 4.30425e-07 3.03286e-07 1.45058e-06 4.45595e-08 1.97045e-07 1.48377e-07 9.42049e-08 5.56737e-09 2.84020e-08 3.37723e-10 4.14735e-09 6.29054e-10 1.78677e-10 3.09797e-10 8.64686e-10 3.23568e-09 2.24136e-09 1.12954e-08 1.89645e-08 5.06244e-09 4.22171e-10 6.90587e-12
6.33782e-06 2.85352e-05 1.96936e-06 7.32681e-07 1.25631e-06 2.01615e-07 2.91635e-07 7.95799e-08 8.00913e-08 6.95744e-08 1.83220e-07 8.98681e-09 2.03864e-08 5.39925e-09 4.90279e-09 9.31553e-10 3.83898e-10 1.42150e-09 7.17054e-13 5.04817e-10 1.70284e-09 1.23462e-09 5.06244e-09 9.57704e-09 9.15960e-10 1.68355e-11
4.09360e-05 4.36588e-08 1.08280e-06 2.94029e-06 1.19246e-06 2.99339e-07 6.22928e-08 2.82582e-08 1.25594e-07 1.29086e-07 2.92405e-08 9.24630e-09 5.61071e-10 1.66342e-09 3.17425e-09 1.24357e-09 7.62390e-10 6.57595e-11 5.12400e-11 9.47630e-11 9.31588e-11 2.92104e-10 4.22171e-10 9.15960e-10 2.07833e-09 1.07592e-11
8.40756e-07 5.78223e-08 1.38853e-09 1.14987e-08 1.95111e-08 2.44489e-08 1.12079e-08 1.59666e-08 4.83385e-10 4.84209e-09 1.24893e-10 4.63328e-10 4.58265e-10 1.28856e-10 1.83148e-11 8.71170e-11 4.12588e-11 1.34837e-12 5.90419e-12 2.85969e-11 1.73144e-11 1.59502e-12 6.90587e-12 1.68355e-11 1.07592e-11 9.97573e-12
