;Statistical covariance matrix for measured double-differential inclusive-jet cross sections for the range 2.5 <= |y| < 3.0 and jet radius parameter R = 0.6
;ABS(YRAP(JET)) : < 3.0
;PT(JET) IN GEV : > 100
;R : 0.6
;RE : P P --> JET X
;SQRT(S) : 7000.0 GeV
;ABS(YRAP) : 2.5 - 3.0
;x: PT(JET) IN GEV
;y: PT(JET) IN GEV
;z: cov(x,y) IN PB**+2*GEV**-2
;xlow-xhigh
is_covariance_matrix
is_statisticserror
; 
3.95002e+02 2.44695e+01 6.43382e+00 1.15741e+00 7.01926e-03 5.21177e-02 2.44498e-02 2.37827e-03 3.19878e-03 1.58070e-03 6.86164e-04 7.93621e-06
2.44695e+01 8.55793e+01 8.21064e+00 1.57538e+00 2.51921e-01 1.36355e-02 5.52280e-03 1.24747e-04 1.51428e-04 1.37926e-03 3.92165e-04 1.91170e-05
6.43382e+00 8.21064e+00 1.96084e+01 8.20723e-01 3.18225e-01 6.26832e-02 7.40536e-03 1.19723e-03 9.47342e-06 1.83095e-04 6.21271e-05 5.74520e-06
1.15741e+00 1.57538e+00 8.20723e-01 2.32136e+00 6.96186e-02 4.84905e-02 5.13304e-03 1.48077e-03 1.08798e-04 1.69510e-04 1.08400e-04 5.88759e-07
7.01926e-03 2.51921e-01 3.18225e-01 6.96186e-02 3.09027e-01 3.50484e-02 6.11170e-03 9.53333e-04 1.33297e-04 1.52494e-05 1.18458e-05 5.40140e-07
5.21177e-02 1.36355e-02 6.26832e-02 4.84905e-02 3.50484e-02 9.40964e-02 2.77585e-03 1.74723e-03 3.38185e-04 5.33646e-05 8.99568e-06 4.22345e-08
2.44498e-02 5.52280e-03 7.40536e-03 5.13304e-03 6.11170e-03 2.77585e-03 1.30045e-02 1.04358e-03 2.73649e-04 3.80108e-05 1.77204e-06 8.85231e-08
2.37827e-03 1.24747e-04 1.19723e-03 1.48077e-03 9.53333e-04 1.74723e-03 1.04358e-03 3.37861e-03 3.64319e-04 8.35569e-05 5.28619e-06 4.78607e-08
3.19878e-03 1.51428e-04 9.47342e-06 1.08798e-04 1.33297e-04 3.38185e-04 2.73649e-04 3.64319e-04 8.98294e-04 1.34453e-04 1.06296e-05 1.18543e-07
1.58070e-03 1.37926e-03 1.83095e-04 1.69510e-04 1.52494e-05 5.33646e-05 3.80108e-05 8.35569e-05 1.34453e-04 2.79979e-04 1.33994e-05 1.72989e-07
6.86164e-04 3.92165e-04 6.21271e-05 1.08400e-04 1.18458e-05 8.99568e-06 1.77204e-06 5.28619e-06 1.06296e-05 1.33994e-05 1.66098e-05 8.88625e-08
7.93621e-06 1.91170e-05 5.74520e-06 5.88759e-07 5.40140e-07 4.22345e-08 8.85231e-08 4.78607e-08 1.18543e-07 1.72989e-07 8.88625e-08 1.11373e-08
