;Statistical covariance matrix for measured double-differential inclusive-jet cross sections for the range 2.0 <= |y| < 2.5 and jet radius parameter R = 0.4
;ABS(YRAP(JET)) : < 3.0
;PT(JET) IN GEV : > 100
;R : 0.4
;RE : P P --> JET X
;SQRT(S) : 7000.0 GeV
;ABS(YRAP) : 2.0 - 2.5
;x: PT(JET) IN GEV
;y: PT(JET) IN GEV
;z: cov(x,y) IN PB**+2*GEV**-2
;xlow-xhigh
;
is_covariance_matrix
is_statisticserror
;
4.83348e+02 1.20547e+01 1.30192e+01 2.57073e-01 2.47158e-01 7.60411e-03 2.11396e-02 8.60086e-03 4.69565e-02 7.45550e-03 7.30389e-03 1.17588e-03 1.15005e-03 1.69113e-04 5.20360e-05 6.56908e-05 1.01417e-05 5.15151e-06 7.97782e-08
1.20547e+01 1.52001e+02 1.35907e+01 2.89406e+00 4.94345e-01 7.17581e-02 1.02712e-02 4.92013e-03 1.09603e-02 1.38279e-04 2.01908e-04 1.37858e-04 4.21807e-04 1.86044e-06 7.26136e-05 3.22330e-05 8.83000e-06 5.82810e-06 8.41276e-07
1.30192e+01 1.35907e+01 3.79542e+01 2.33947e+00 8.59475e-01 6.87055e-02 7.96618e-03 1.43042e-02 3.85949e-03 4.51430e-03 1.10445e-03 8.26013e-04 9.41793e-05 7.60412e-05 3.35294e-05 1.02421e-06 2.07370e-06 6.06105e-07 3.28024e-07
2.57073e-01 2.89406e+00 2.33947e+00 5.04915e+00 1.74561e-01 1.31521e-01 1.38778e-02 2.45384e-03 3.58751e-03 1.59056e-03 3.50030e-04 6.72163e-05 2.91891e-05 2.55547e-05 8.84479e-06 2.50427e-06 1.08272e-06 2.21257e-07 1.40265e-08
2.47158e-01 4.94345e-01 8.59475e-01 1.74561e-01 8.21995e-01 5.39945e-02 1.67905e-02 1.70189e-03 6.11645e-05 6.20362e-04 3.88851e-05 3.79321e-05 4.15860e-06 5.84149e-07 1.53852e-05 4.01620e-06 4.76387e-07 4.30467e-07 1.18032e-08
7.60411e-03 7.17581e-02 6.87055e-02 1.31521e-01 5.39945e-02 3.31888e-01 9.71207e-03 7.04336e-03 8.83494e-04 4.39591e-06 1.92381e-04 1.47796e-04 2.14813e-05 3.41977e-06 8.58167e-07 2.35969e-07 3.04071e-07 2.21989e-07 3.44790e-08
2.11396e-02 1.02712e-02 7.96618e-03 1.38778e-02 1.67905e-02 9.71207e-03 5.18441e-02 2.77423e-03 1.39937e-03 1.33713e-04 8.72528e-05 3.92464e-05 4.06346e-06 5.13874e-06 2.56838e-06 2.33112e-07 1.61695e-07 4.37042e-08 2.37046e-09
8.60086e-03 4.92013e-03 1.43042e-02 2.45384e-03 1.70189e-03 7.04336e-03 2.77423e-03 2.01766e-02 1.30526e-03 6.71000e-04 4.71018e-05 3.58333e-06 2.95764e-06 5.75479e-07 1.03579e-06 7.81421e-08 1.92074e-07 9.38285e-10 4.37335e-10
4.69565e-02 1.09603e-02 3.85949e-03 3.58751e-03 6.11645e-05 8.83494e-04 1.39937e-03 1.30526e-03 8.81882e-03 6.70801e-04 2.37199e-04 2.93668e-05 3.06151e-06 1.43986e-06 1.56613e-07 6.79108e-08 4.58792e-07 1.94448e-08 5.42549e-09
7.45550e-03 1.38279e-04 4.51430e-03 1.59056e-03 6.20362e-04 4.39591e-06 1.33713e-04 6.71000e-04 6.70801e-04 3.55559e-03 2.45243e-04 6.57620e-05 6.04371e-06 8.51370e-07 7.96094e-07 1.20625e-09 6.26368e-08 9.20500e-09 2.01251e-09
7.30389e-03 2.01908e-04 1.10445e-03 3.50030e-04 3.88851e-05 1.92381e-04 8.72528e-05 4.71018e-05 2.37199e-04 2.45243e-04 8.98256e-04 5.54769e-06 1.82262e-05 1.00984e-06 1.96964e-07 8.88288e-08 1.62091e-08 8.15069e-09 1.27514e-09
1.17588e-03 1.37858e-04 8.26013e-04 6.72163e-05 3.79321e-05 1.47796e-04 3.92464e-05 3.58333e-06 2.93668e-05 6.57620e-05 5.54769e-06 1.03298e-04 1.01006e-06 1.80296e-06 1.00216e-07 2.22916e-09 2.12088e-08 4.43270e-09 2.40022e-10
1.15005e-03 4.21807e-04 9.41793e-05 2.91891e-05 4.15860e-06 2.14813e-05 4.06346e-06 2.95764e-06 3.06151e-06 6.04371e-06 1.82262e-05 1.01006e-06 8.29998e-06 3.23116e-07 1.50782e-07 1.10171e-09 4.04947e-11 4.94243e-10 1.58658e-10
1.69113e-04 1.86044e-06 7.60412e-05 2.55547e-05 5.84149e-07 3.41977e-06 5.13874e-06 5.75479e-07 1.43986e-06 8.51370e-07 1.00984e-06 1.80296e-06 3.23116e-07 2.50190e-06 5.76520e-08 4.02656e-08 2.48987e-09 3.23735e-10 8.73807e-12
5.20360e-05 7.26136e-05 3.35294e-05 8.84479e-06 1.53852e-05 8.58167e-07 2.56838e-06 1.03579e-06 1.56613e-07 7.96094e-07 1.96964e-07 1.00216e-07 1.50782e-07 5.76520e-08 5.19364e-07 9.55035e-09 8.13240e-09 5.60943e-10 2.54808e-11
6.56908e-05 3.22330e-05 1.02421e-06 2.50427e-06 4.01620e-06 2.35969e-07 2.33112e-07 7.81421e-08 6.79108e-08 1.20625e-09 8.88288e-08 2.22916e-09 1.10171e-09 4.02656e-08 9.55035e-09 6.18369e-08 1.63147e-09 7.73919e-10 1.40013e-12
1.01417e-05 8.83000e-06 2.07370e-06 1.08272e-06 4.76387e-07 3.04071e-07 1.61695e-07 1.92074e-07 4.58792e-07 6.26368e-08 1.62091e-08 2.12088e-08 4.04947e-11 2.48987e-09 8.13240e-09 1.63147e-09 1.99824e-08 4.11007e-11 1.56495e-11
5.15151e-06 5.82810e-06 6.06105e-07 2.21257e-07 4.30467e-07 2.21989e-07 4.37042e-08 9.38285e-10 1.94448e-08 9.20500e-09 8.15069e-09 4.43270e-09 4.94243e-10 3.23735e-10 5.60943e-10 7.73919e-10 4.11007e-11 1.83991e-09 3.32386e-12
7.97782e-08 8.41276e-07 3.28024e-07 1.40265e-08 1.18032e-08 3.44790e-08 2.37046e-09 4.37335e-10 5.42549e-09 2.01251e-09 1.27514e-09 2.40022e-10 1.58658e-10 8.73807e-12 2.54808e-11 1.40013e-12 1.56495e-11 3.32386e-12 1.03838e-11
